{"data_info": {"amount_data_sets": 8, "time_frame": "2020-12-01 - 2021-12-01", "ordered_list_data_sets": ["MSFT", "BIDU", "ADBE", "PCAR", "NVDA", "SBUX", "INTU", "ADP"], "investor_base_currency": "USD", "dict_periods": {"0": "2020-12-01", "1": "2021-01-04", "2": "2021-02-01", "3": "2021-03-01", "4": "2021-04-01", "5": "2021-05-03", "6": "2021-06-01", "7": "2021-07-01", "8": "2021-08-02", "9": "2021-09-01", "10": "2021-10-01", "11": "2021-11-01", "12": "2021-12-01"}}, "data_ordered_returns": {"0": [0.06860080067216923, 0.04632599776202895, 0.07688677125005605, -0.017449060002251437, 0.06432446396280023, 0.14947074560893325, 0.12767840212375958, 0.08181592964201645], "1": [0.006845196799407871, 0.5457008412947386, 0.012918710216007545, -0.021447671534457258, -0.0206497386109038, 0.043311070633474946, 0.041701698335295134, -0.03269021583557552], "2": [0.10087739446001187, 0.1157287822878228, -0.03160670869905624, 0.07625118035882927, 0.009417775574789511, -0.04384093113482057, 0.005057842345977948, -0.015447443181818232], "3": [-0.011308157730023027, 0.2219603952209681, -0.0009148936170212396, 0.027856986181179932, 0.04568633376142617, 0.08409413674173272, 0.08787943680068544, 0.06702735196874055], "4": [0.02283278467122485, -0.25671560998714393, 0.029324701322486435, -0.018032437046521577, -0.0021673560062852593, 0.02348647889959765, -0.027509165620924647, 0.0670422535211268], "5": [0.03924076748504235, -0.0671825216203914, 0.04162701204121322, -0.013473867217211777, 0.07421217441671035, 0.057963064545620835, 0.040761075829263804, 0.010876451953537591], "6": [-0.01770825061542125, -0.015223967990631415, -0.014996226115282174, 0.01839409626610844, 0.09623064350346278, -0.02056688558589692, 0.06641707589828383, 0.027420871200250607], "7": [0.09781729991915933, -0.0017837677138042851, 0.17910507955072497, -0.03969284014709051, 0.24270650803898053, 0.0006176107287805266, 0.11943190625997357, 0.015759239489604004], "8": [0.04867452135493355, -0.17298719348754088, 0.058180698784054075, -0.07534632278409747, -0.022857708292103762, 0.06137024953707804, 0.07424905814071892, 0.048245833541864735], "9": [0.05972192963977241, -0.008582918192185374, 0.07618585858585858, 0.006820950060901332, 0.13625316455696201, -0.024258536180111312, 0.06752478625997616, -0.012365719742181813], "10": [-0.04217605937116908, -0.08233442305363847, -0.13278469416870653, -0.038833776917493235, -0.07570963860790525, -0.03856960408684551, -0.03402411521318338, -0.023494150633278643], "11": [0.13929436181252153, 0.12363108589523675, 0.10862901968933447, 0.146507237256136, 0.24515475846109336, -0.02763018065887357, 0.11919774987591203, 0.09970297029702957], "12": [0.0021556304460028652, -0.12617426021606382, 0.0268822243049045, -0.09485124602041939, 0.21713710458047797, -0.010382513661202242, 0.09047157569685127, 0.02129287836499505]}, "data_statistics_mean": {"0": [0.06993869941659447, 0.04900525133363076, 0.08063477572886091, -0.015456925355175177, 0.07181374353352599, 0.1426313141830562, 0.12587818453247868, 0.08094815549606016], "1": [0.0081234839774732, 0.454914808972411, 0.014667634346979708, -0.020349730974840274, -0.01921005644083018, 0.045391497946874804, 0.04294887301708983, -0.031476856976219714], "2": [0.09944783364758847, 0.13764038316952998, -0.028848401762110787, 0.08061593236125186, 0.01639238529693776, -0.0412343916824921, 0.008590205333684486, -0.014587306981976744], "3": [-0.01014663411654637, 0.2222828252529696, 0.0016475509044255876, 0.03000479680185275, 0.05425934869053706, 0.08385040696370516, 0.0899359575220684, 0.06685000572270505], "4": [0.025753035601908114, -0.25182497136331494, 0.03469182834773066, -0.015139377804004317, 0.010595221459436366, 0.025140007659494753, -0.02212127572821465, 0.06783419297808724], "5": [0.04001672512175214, -0.06560680237171246, 0.04207717717869597, -0.011623189700169288, 0.07809659762187504, 0.058037114141125445, 0.041786937380984934, 0.013141028068152094], "6": [-0.015982261334336667, -0.01035759823867699, -0.012676540215724397, 0.020467086366221854, 0.09823923335166795, -0.01962223469872304, 0.06728958394188556, 0.028196372592247165], "7": [0.09423695022315648, 0.0019076379909780394, 0.16731290183334468, -0.038976841447495914, 0.22179581684295316, 0.0012715105824570028, 0.11393539948077547, 0.016437145471539516], "8": [0.04838906354377315, -0.18070927141164775, 0.05721172639015593, -0.07673261084156535, -0.018159079161882086, 0.06193532540176139, 0.07240528369320931, 0.04782509586126138], "9": [0.05900136886865038, 0.0011506870188563445, 0.07431041544387762, 0.00809308924458052, 0.1334114875081761, -0.02386339020448791, 0.06627847089622951, -0.011263242178886303], "10": [-0.0412386323983438, -0.08256320344032986, -0.1395531704782903, -0.03770474401086665, -0.07507508701248466, -0.037570904951271245, -0.032335269879091966, -0.02260308595709537], "11": [0.13257582692861736, 0.1247670942326824, 0.10543018957612094, 0.1395361082025155, 0.22575325599716223, -0.02485623594401376, 0.11534201184187809, 0.0961959929671803], "12": [0.0033106592518445943, -0.12824975038472552, 0.030181301525636806, -0.09744774249562227, 0.21429105305083426, -0.008158135406649447, 0.09756467700354032, 0.02253759874261907]}, "data_statistics_cov": {"0": [[0.0073765298634871825, 0.004227196105493378, 0.008617825254406207, -0.0004452095851350472, 0.0097146733045651, 0.0015828508080649448, 0.006923653810672982, 1.8652182733736895e-05], [0.004227196105493378, 0.007739775266855359, 0.003995193924089613, -0.0012154645346366955, 0.004092779049027905, 0.0021658962332847865, 0.0041743738636914225, 0.0004143532898904337], [0.008617825254406207, 0.003995193924089613, 0.013645323305584323, -0.0026990018980904023, 0.013114297801189154, 0.0003392523606276563, 0.008724195917142857, -0.0018908904395438825], [-0.0004452095851350472, -0.0012154645346366955, -0.0026990018980904023, 0.004503147801476818, -0.00199225737916132, 0.0013831428498378231, -0.0005781420813747164, 0.002041801957884789], [0.0097146733045651, 0.004092779049027905, 0.013114297801189154, -0.00199225737916132, 0.01957629011059043, -0.00021797153133724896, 0.009041271978209794, -0.0009808333272360603], [0.0015828508080649448, 0.0021658962332847865, 0.0003392523606276563, 0.0013831428498378231, -0.00021797153133724896, 0.006097242403715315, 0.00512737058689005, 0.0031727437507266575], [0.006923653810672982, 0.0041743738636914225, 0.008724195917142857, -0.0005781420813747164, 0.009041271978209794, 0.00512737058689005, 0.011253510800144063, 0.0010816634865267933], [1.8652182733736895e-05, 0.0004143532898904337, -0.0018908904395438825, 0.002041801957884789, -0.0009808333272360603, 0.0031727437507266575, 0.0010816634865267933, 0.004565415681069245]], "1": [[0.0027259925703709137, -0.0023660734419428124, 0.001846697306841464, -2.0206340721586015e-05, 0.00037452489070172716, 0.00018075696254667265, 0.0017918461295336836, 0.0012690619953264306], [-0.0023660734419428124, 0.033971721212655716, -0.003923355162273921, 0.005209631871318997, 0.0017395309893811334, 0.0021128075083552715, -0.005136428588517888, 0.0006026579744787461], [0.001846697306841464, -0.003923355162273921, 0.003811131508386535, -0.0002813415981684236, 0.0009487850950634954, 0.0005807472950731533, 0.002995350002256756, 0.0018396863119834394], [-2.0206340721586015e-05, 0.005209631871318997, -0.0002813415981684236, 0.002785665506397719, -0.000495845697494519, 5.728926951693651e-06, -0.0007160897439328473, 0.001736717301581263], [0.00037452489070172716, 0.0017395309893811334, 0.0009487850950634954, -0.000495845697494519, 0.003430542153527264, 0.0004947444514083621, 0.0004198270671537887, -0.00023558252025570483], [0.00018075696254667265, 0.0021128075083552715, 0.0005807472950731533, 5.728926951693651e-06, 0.0004947444514083621, 0.006228578517808897, 0.0007008527225172774, 0.0015065085114178028], [0.0017918461295336836, -0.005136428588517888, 0.002995350002256756, -0.0007160897439328473, 0.0004198270671537887, 0.0007008527225172774, 0.004321205865475201, 0.0020594321408145865], [0.0012690619953264306, 0.0006026579744787461, 0.0018396863119834394, 0.001736717301581263, -0.00023558252025570483, 0.0015065085114178028, 0.0020594321408145865, 0.003592153703421343]], "2": [[0.006562230347162685, 0.006296206394232153, 0.005456416162265759, -0.0016400924276154334, 0.00560190973087351, 0.0025455452917609606, 0.0048470770003487705, 0.0018296990965481783], [0.006296206394232153, 0.06070769683743764, 0.010406972293561917, -0.004635895120033607, 0.003029801458305942, 0.007547478932779014, 0.009607917483313747, 0.005023194106752325], [0.005456416162265759, 0.010406972293561917, 0.006804254640318987, -0.0008294933721880468, 0.0070880151995040075, 0.004224765781539167, 0.004467412744107391, 0.001425308114826219], [-0.0016400924276154334, -0.004635895120033607, -0.0008294933721880468, 0.015453616297059077, 0.002434689379319347, 0.0004201449471039797, -0.0028918850912431336, -0.0010777879637221823], [0.00560190973087351, 0.003029801458305942, 0.0070880151995040075, 0.002434689379319347, 0.014788028237106166, 0.0025814353929797815, 0.004454569373206127, 6.536190644078048e-05], [0.0025455452917609606, 0.007547478932779014, 0.004224765781539167, 0.0004201449471039797, 0.0025814353929797815, 0.0073154813979494325, 0.004417679983782662, 0.00038606822384497494], [0.0048470770003487705, 0.009607917483313747, 0.004467412744107391, -0.0028918850912431336, 0.004454569373206127, 0.004417679983782662, 0.007508681908974756, 0.001132048167476103], [0.0018296990965481783, 0.005023194106752325, 0.001425308114826219, -0.0010777879637221823, 6.536190644078048e-05, 0.00038606822384497494, 0.001132048167476103, 0.0020426259992807967]], "3": [[0.002567728088611613, -0.00015441816578896613, 0.002295451465985006, 0.0016764343468224834, 0.0037668830723895184, 0.0012457272402650473, 0.0032965909525541834, 0.00027934737814377437], [-0.00015441816578896613, 0.045161814481278546, 0.0024162799953064908, 0.005915354871284333, 0.00798138615589993, -0.0025377649079954766, 0.004535855019294544, -0.0060448617764384165], [0.002295451465985006, 0.0024162799953064908, 0.005389260245579508, 0.0020379863683179667, 0.006600968779044833, 0.00344898487846013, 0.007002103912164135, 0.0017376194661555889], [0.0016764343468224834, 0.005915354871284333, 0.0020379863683179667, 0.0053581456915046686, 0.0018596600040274316, -0.0004817707987326315, 0.0028328588975452484, 0.00047243256498943773], [0.0037668830723895184, 0.00798138615589993, 0.006600968779044833, 0.0018596600040274316, 0.019862370668555514, 0.00460821625760356, 0.01094466113993591, 0.0006713167437784041], [0.0012457272402650473, -0.0025377649079954766, 0.00344898487846013, -0.0004817707987326315, 0.00460821625760356, 0.0062799392418077206, 0.0035485327574095414, 0.0006229277730762357], [0.0032965909525541834, 0.004535855019294544, 0.007002103912164135, 0.0028328588975452484, 0.01094466113993591, 0.0035485327574095414, 0.011560402244217461, 0.0029205976139195394], [0.00027934737814377437, -0.0060448617764384165, 0.0017376194661555889, 0.00047243256498943773, 0.0006713167437784041, 0.0006229277730762357, 0.0029205976139195394, 0.00395876846835037]], "4": [[0.006636039261946453, 0.014972330124357785, 0.00766885633812344, -4.218104812175831e-05, 0.011086314561365822, 0.0017757855585364497, 0.00755469582986263, 0.002436625924689713], [0.014972330124357785, 0.08839338361718675, 0.022970301491968884, 0.004047495368053326, 0.0359428601057526, 0.004367503433598079, 0.02181801594152483, 0.0006085363835686259], [0.00766885633812344, 0.022970301491968884, 0.012059544918373927, 0.0017512556050510587, 0.016477130835684986, 0.0029153517646608655, 0.01030866793725501, 0.002589605101130049], [-4.218104812175831e-05, 0.004047495368053326, 0.0017512556050510587, 0.006339693295538176, 0.003822119316585429, 0.0014896936568546994, 0.0025836928481385558, 0.0031659854707299546], [0.011086314561365822, 0.0359428601057526, 0.016477130835684986, 0.003822119316585429, 0.026707947533697908, 0.004173486714602247, 0.016131825982000678, 0.004000951574686493], [0.0017757855585364497, 0.004367503433598079, 0.0029153517646608655, 0.0014896936568546994, 0.004173486714602247, 0.0040082953843266645, 0.002122069958653238, 0.0018276344831913674], [0.00755469582986263, 0.02181801594152483, 0.01030866793725501, 0.0025836928481385558, 0.016131825982000678, 0.002122069958653238, 0.012039403561737268, 0.0025152588423870766], [0.002436625924689713, 0.0006085363835686259, 0.002589605101130049, 0.0031659854707299546, 0.004000951574686493, 0.0018276344831913674, 0.0025152588423870766, 0.00602942520973495]], "5": [[0.0031294129305859627, 0.0011057519576379185, 0.0020778668851157193, 0.0018777685659389285, 0.0037122653938955275, 0.0018640768901909365, 0.0022384763698282363, 0.002413852354884665], [0.0011057519576379185, 0.008033076772745593, 0.0008646227148676736, 2.82600453435193e-05, -0.0008466754164677914, 0.0011266981763427724, 0.0014908880520598429, 0.0003628416756495831], [0.0020778668851157193, 0.0008646227148676736, 0.002642574013693813, 0.001832625612103312, 0.004712358179870683, 0.00133978764063359, 0.0024456411117282396, 0.0009848265305454568], [0.0018777685659389285, 2.82600453435193e-05, 0.001832625612103312, 0.0040686233505688625, 0.005155860147421674, 0.0016069365021827479, 0.002267278009411698, 0.0018867470738840899], [0.0037122653938955275, -0.0008466754164677914, 0.004712358179870683, 0.005155860147421674, 0.013570628886657526, 0.0022311711148708386, 0.004322602403099031, 0.0012730143141335504], [0.0018640768901909365, 0.0011266981763427724, 0.00133978764063359, 0.0016069365021827479, 0.0022311711148708386, 0.0033775696237358785, 0.0007500005821286183, 0.002422922281032156], [0.0022384763698282363, 0.0014908880520598429, 0.0024456411117282396, 0.002267278009411698, 0.004322602403099031, 0.0007500005821286183, 0.0037626696253470833, 0.00125242389039044], [0.002413852354884665, 0.0003628416756495831, 0.0009848265305454568, 0.0018867470738840899, 0.0012730143141335504, 0.002422922281032156, 0.00125242389039044, 0.0048016433385987935]], "6": [[0.003946096837467873, 0.0025343429054283796, 0.003759945582579166, 0.0017964129226582934, 0.005464878854037776, 0.002296549502533069, 0.003063103696172446, 0.00161210784661648], [0.0025343429054283796, 0.01046819976436738, 0.004553672529737363, -0.0013060287570960637, 0.0062139037557823445, 0.0016452709428915338, 0.003997306265677723, 0.0007496083656898418], [0.003759945582579166, 0.004553672529737363, 0.005107321408064988, 0.00022128686017611738, 0.006703777099139085, 0.0021533209579648245, 0.0041728139581027925, 0.0008209899617766764], [0.0017964129226582934, -0.0013060287570960637, 0.00022128686017611738, 0.0046834011920592385, 0.001758503221215523, 0.0014648477870219207, -0.00024244208559095196, 0.0018821992541622368], [0.005464878854037776, 0.0062139037557823445, 0.006703777099139085, 0.001758503221215523, 0.01301651381854216, 0.0032850648217323244, 0.00608339930014439, 0.0016849986305046234], [0.002296549502533069, 0.0016452709428915338, 0.0021533209579648245, 0.0014648477870219207, 0.0032850648217323244, 0.0023963311963319666, 0.0010721269413439334, 0.0015792560598883439], [0.003063103696172446, 0.003997306265677723, 0.0041728139581027925, -0.00024244208559095196, 0.00608339930014439, 0.0010721269413439334, 0.0060657475366605595, -4.899065393630898e-05], [0.00161210784661648, 0.0007496083656898418, 0.0008209899617766764, 0.0018821992541622368, 0.0016849986305046234, 0.0015792560598883439, -4.899065393630898e-05, 0.0023659909790534317]], "7": [[0.0015057393079719761, 0.0011304851844063898, 0.001535118309022815, -0.0001736909092813269, 0.001731877005363084, 0.0005925261996725232, 0.00046176807616880703, 0.00048367164741815454], [0.0011304851844063898, 0.007741901453170248, 0.002723518119966477, -0.00011147010582531764, 0.0006995773132178755, 0.0015345184514929076, 0.0009906838002816908, 0.000623049928225891], [0.001535118309022815, 0.002723518119966477, 0.004112842969348229, -0.0015622585313475805, 0.0018309366091294609, 0.00035246268150334475, 0.0007089557003533294, -0.00024873964773398753], [-0.0001736909092813269, -0.00011147010582531764, -0.0015622585313475805, 0.0031048290253665113, -0.00023067210311393142, 0.0005660141216780058, 0.0005099686270834796, 0.0009882487000368054], [0.001731877005363084, 0.0006995773132178755, 0.0018309366091294609, -0.00023067210311393142, 0.007323770581495582, -7.965888551263172e-05, 0.0011200060077415236, -0.0002796383706722997], [0.0005925261996725232, 0.0015345184514929076, 0.00035246268150334475, 0.0005660141216780058, -7.965888551263172e-05, 0.0013687315257751263, 0.00044770322538650854, 0.0011100284005420825], [0.00046176807616880703, 0.0009906838002816908, 0.0007089557003533294, 0.0005099686270834796, 0.0011200060077415236, 0.00044770322538650854, 0.00173604056549371, 0.0007431840415010712], [0.00048367164741815454, 0.000623049928225891, -0.00024873964773398753, 0.0009882487000368054, -0.0002796383706722997, 0.0011100284005420825, 0.0007431840415010712, 0.0016616477818858254]], "8": [[0.0017053653685513005, 0.0004771315368237195, 0.0011684625678901348, 0.0005541380770276962, 0.0004284812278886774, 0.00217175764109533, 0.0010872203152352984, 0.0006044387279388989], [0.0004771315368237195, 0.01753081425215795, 0.00017557962155781054, 0.0018775293440246817, 0.002965585872916646, -0.0016586465181967222, -0.0004461413149410468, 0.0006006263308597934], [0.0011684625678901348, 0.00017557962155781054, 0.0012332586109739406, 2.01421893680648e-05, 9.701085687175052e-05, 0.0013599260644604676, 0.0009410495283260728, 0.00024087146676728726], [0.0005541380770276962, 0.0018775293440246817, 2.01421893680648e-05, 0.0030529941424319294, -0.0002957239645093098, 0.0016797900113944724, 0.0006538805451724416, 0.0010641190322312037], [0.0004284812278886774, 0.002965585872916646, 9.701085687175052e-05, -0.0002957239645093098, 0.010365381256846265, 0.0001201698638664941, 0.0007453718470468949, -0.0007581790637288767], [0.00217175764109533, -0.0016586465181967222, 0.0013599260644604676, 0.0016797900113944724, 0.0001201698638664941, 0.004800903713618137, 0.001658255473497262, 0.001403027915677831], [0.0010872203152352984, -0.0004461413149410468, 0.0009410495283260728, 0.0006538805451724416, 0.0007453718470468949, 0.001658255473497262, 0.0013942947597294485, 0.00040574797820703033], [0.0006044387279388989, 0.0006006263308597934, 0.00024087146676728726, 0.0010641190322312037, -0.0007581790637288767, 0.001403027915677831, 0.00040574797820703033, 0.0013710523108929216]], "9": [[0.0019388822395437026, -0.002462382978937049, 0.0014020045145100297, -0.00015855647333289013, 0.002963342017062269, 0.00028150729279193687, 0.0008506817394310915, 0.0009773705428483988], [-0.002462382978937049, 0.020841262306573554, -0.0005687659680033268, 0.0026727434386862206, 1.6498496053895623e-05, 0.0009666113712201023, -0.0008182609978927629, -0.0028451437231618495], [0.0014020045145100297, -0.0005687659680033268, 0.001605804132270084, 0.00023211163269673193, 0.0034133025764344392, 0.00037032120597900567, 0.0011864462488103721, 0.0006408486070834865], [-0.00015855647333289013, 0.0026727434386862206, 0.00023211163269673193, 0.0027477944234069115, -0.0002690768605074786, 0.00022619735275844063, 0.00042443242322735575, -0.00014196396086819487], [0.002963342017062269, 1.6498496053895623e-05, 0.0034133025764344392, -0.0002690768605074786, 0.011292784029879297, 0.000737747452463894, 0.0032134251778628223, 0.001680292200170968], [0.00028150729279193687, 0.0009666113712201023, 0.00037032120597900567, 0.00022619735275844063, 0.000737747452463894, 0.001425567215453376, 0.00036045662224461943, 4.581975204758238e-05], [0.0008506817394310915, -0.0008182609978927629, 0.0011864462488103721, 0.00042443242322735575, 0.0032134251778628223, 0.00036045662224461943, 0.00176708706257211, 0.0007496257863978965], [0.0009773705428483988, -0.0028451437231618495, 0.0006408486070834865, -0.00014196396086819487, 0.001680292200170968, 4.581975204758238e-05, 0.0007496257863978965, 0.0024512048063495486]], "10": [[0.003775037765567204, 0.0007602203579203399, 0.0026896383775739177, 0.0011336664491662567, 0.0034321007285033275, 0.0013290751222021664, 0.0032363107331720227, 0.0014755242518900756], [0.0007602203579203399, 0.006618606127002996, 0.0006274667584314523, 0.00036804004081919186, 0.003995843873933368, -0.0006225623200903721, 0.00043021622495443114, -0.0007971299555457208], [0.0026896383775739177, 0.0006274667584314523, 0.0050498173783962205, 0.0003309965669661548, 0.0028992536734963356, 0.00029755532820062853, 0.0031766190359380784, 0.0010963806856572542], [0.0011336664491662567, 0.00036804004081919186, 0.0003309965669661548, 0.003894035243641448, 0.001646580087382827, 0.0013046448656266192, 0.0013191189869516393, 0.0012454297179999873], [0.0034321007285033275, 0.003995843873933368, 0.0028992536734963356, 0.001646580087382827, 0.00732025871423721, 0.001443457302022195, 0.004202267253832051, 0.0014670236681554143], [0.0013290751222021664, -0.0006225623200903721, 0.00029755532820062853, 0.0013046448656266192, 0.001443457302022195, 0.0036021854729941763, 0.0019973810030796233, 0.0011315436124013415], [0.0032363107331720227, 0.00043021622495443114, 0.0031766190359380784, 0.0013191189869516393, 0.004202267253832051, 0.0019973810030796233, 0.00469964260270403, 0.001908378103882656], [0.0014755242518900756, -0.0007971299555457208, 0.0010963806856572542, 0.0012454297179999873, 0.0014670236681554143, 0.0011315436124013415, 0.001908378103882656, 0.0024197574151550534]], "11": [[0.0037411328618115612, -0.00011968641984895307, 0.0020065826567876323, 0.0002922979848357154, 0.0027262437632907255, -0.0013859283436636401, 0.0022989345829862013, 0.0016707956029007442], [-0.00011968641984895307, 0.016672511702505485, 0.002121637797231428, 0.0029726029014351535, -0.0006195504398550123, 0.0054566922042390146, -0.0004151701262780706, -0.00034976764699196333], [0.0020065826567876323, 0.002121637797231428, 0.004300807298475081, 0.0010114556633062195, 0.003584696103185566, -0.00031959554354816854, 0.0038394933678834444, 0.0017261022094454796], [0.0002922979848357154, 0.0029726029014351535, 0.0010114556633062195, 0.005054129497849823, 0.0024567877002757534, 0.0005165508001617894, 0.00021448625447061123, 0.0009109581228973352], [0.0027262437632907255, -0.0006195504398550123, 0.003584696103185566, 0.0024567877002757534, 0.011318702900544283, 0.0007698232071480207, 0.004502504041741861, 0.0020330122075151212], [-0.0013859283436636401, 0.0054566922042390146, -0.00031959554354816854, 0.0005165508001617894, 0.0007698232071480207, 0.006458310769878877, -0.0009115334704411595, -0.0005971471518835152], [0.0022989345829862013, -0.0004151701262780706, 0.0038394933678834444, 0.00021448625447061123, 0.004502504041741861, -0.0009115334704411595, 0.005060901595755835, 0.002283802091730808], [0.0016707956029007442, -0.00034976764699196333, 0.0017261022094454796, 0.0009109581228973352, 0.0020330122075151212, -0.0005971471518835152, 0.002283802091730808, 0.001982744877352404]], "12": [[0.0024225015155592586, -0.0006952777894423376, 0.00330045001265598, 0.00032517966025550054, 0.006063672747836433, 0.0009064610814620893, 0.004881802894300029, 0.0019132467921510422], [-0.0006952777894423376, 0.012833770752839218, 0.0004942116369898061, -0.00024301354250393813, -0.0027114334534640207, -0.002554185653778765, 0.002025041004385026, -0.0021969549122634715], [0.00330045001265598, 0.0004942116369898061, 0.007665002206904116, -0.0011696430202674068, 0.010978087115218086, -0.00035735517812577727, 0.009119880472688783, 0.0025252277598654103], [0.00032517966025550054, -0.00024301354250393813, -0.0011696430202674068, 0.004134295375642097, -0.00275281316084258, 0.0018385681748818996, 0.0005882085835776907, 0.0012893589733535347], [0.006063672747836433, -0.0027114334534640207, 0.010978087115218086, -0.00275281316084258, 0.036652538628891014, 9.295409796828849e-05, 0.011202997471188537, 0.0033733953284850174], [0.0009064610814620893, -0.002554185653778765, -0.00035735517812577727, 0.0018385681748818996, 9.295409796828849e-05, 0.004812040206393375, -0.0009033578231570432, 0.002068478698911495], [0.004881802894300029, 0.002025041004385026, 0.009119880472688783, 0.0005882085835776907, 0.011202997471188537, -0.0009033578231570432, 0.023054033624005307, 0.003036808902625668], [0.0019132467921510422, -0.0021969549122634715, 0.0025252277598654103, 0.0012893589733535347, 0.0033733953284850174, 0.002068478698911495, 0.003036808902625668, 0.0030611253202632856]]}, "pre_backtesting_period_training_data_statistics_mean": [0.01882159050289226, 0.008643294179952184, 0.02524326153750436, 0.007859337168343914, 0.036748233708661336, 0.016312647393163047, 0.01783842268889419, 0.013145805692684337], "pre_backtesting_period_training_data_statistics_cov": [[0.003924219076874342, 0.0024637381782840256, 0.0026055313884865536, 0.0020064280217357063, 0.0035219569502919915, 0.0015131338821355014, 0.0020243484100033395, 0.0015468741023177215], [0.0024637381782840256, 0.012732373970629015, 0.0034118165349315385, 0.003654843831916747, 0.005870344266081603, 0.0019827399448619012, 0.002427322951761601, 0.0026197673004803943], [0.0026055313884865536, 0.0034118165349315385, 0.005127923222164254, 0.0026297197506536902, 0.004883860749778157, 0.001964654967491859, 0.0030334838729144577, 0.001816142247167119], [0.0020064280217357063, 0.003654843831916747, 0.0026297197506536902, 0.006057193794027698, 0.003261668953858725, 0.0017751509814714712, 0.0022157859969580878, 0.001908608336798878], [0.0035219569502919915, 0.005870344266081603, 0.004883860749778157, 0.003261668953858725, 0.014984442815346851, 0.0008225495567856074, 0.0031867926896088222, 0.002318637781020388], [0.0015131338821355014, 0.0019827399448619012, 0.001964654967491859, 0.0017751509814714712, 0.0008225495567856074, 0.004577014077423195, 0.0022575921197331857, 0.0014954866783591229], [0.0020243484100033395, 0.002427322951761601, 0.0030334838729144577, 0.0022157859969580878, 0.0031867926896088222, 0.0022575921197331857, 0.004078725899581805, 0.0021444981382207264], [0.0015468741023177215, 0.0026197673004803943, 0.001816142247167119, 0.001908608336798878, 0.002318637781020388, 0.0014954866783591229, 0.0021444981382207264, 0.003051969192604343]]}