{"model.transmat_": [[0.3611213979188433, 0.6388786020811567], [0.5006319262535854, 0.4993680737464145]], "model.means_": [[0.019620427157600817, 0.031039226163687993, 0.042657396710832435, 0.05872329453087362, 0.029419885965781073, 0.026112383793896698, 0.028798737975108426, 0.03749823958752265, 0.028477679092723165, 0.03575303423769432, 0.05201664698478785, 0.03555788934350135, 0.04910793744762717, 0.06162940262901141, 0.05420517688667526, 0.029460956589457226], [0.005196499670013988, 0.0061188027074087735, -0.009287115462929015, -0.01997395496591136, -0.0018525284818904971, 0.01148423322875689, -0.001042983927037739, -0.009329187515181081, 0.006012064096210535, 0.0073051480305652335, -0.01576797942193313, 0.008257699622861851, -0.009644449554826674, -0.011880787992818628, -0.008264651533321156, -7.982136109408967e-05]], "model.covars_": [[[0.012994585917342427, 0.0013374889003514557, -0.0006484762631545845, 0.0011903751834449778, 0.0002935259653123929, 0.001298036751905572, 0.002215684099793184, 0.0008522558237418756, 2.504420743392083e-05, 0.0007229748810261778, 0.003797654339044337, 0.0004072248060934713, 0.0017646309353623777, 0.0007885456256956317, -0.0002992803900951232, 0.0011766019645466372], [0.001337488900351456, 0.001995774898061613, 0.0005501198122858618, 0.0013947679869783494, 0.0003531720589149227, 0.0010051755995404486, 0.0012640177665616866, 0.0011169061639764303, 0.0009040557634696964, 0.0010599154076255776, 0.0021366753965661642, 0.0007235452205714848, 0.0008878615418828953, 0.000268893734410102, 0.0001296006231192617, 0.0010736832243311658], [-0.0006484762631545845, 0.0005501198122858618, 0.004303870757309451, 0.002810888561407268, 0.0004547972019547238, 0.0012652274595710774, -0.0005497984274979178, 0.0002626360182266809, 0.0012861264239440893, 0.0007992264803781038, 0.0020892235904487835, 7.087086015975664e-05, -7.936051582021963e-05, 0.002493818967457885, 0.0015661983965217872, 0.0012470863737953654], [0.0011903751834449767, 0.0013947679869783494, 0.002810888561407269, 0.017813615593640347, 0.0038263872214443456, 0.005720890132089898, 0.0020670256732843837, 0.003589147761809689, 0.0024539348758543075, 0.003391895139067908, 0.0068048825629244076, 0.00249741541745365, 0.003043237964987454, 0.006776518636253046, 0.0014045174744587079, 0.0022552190425355442], [0.0002935259653123929, 0.0003531720589149227, 0.0004547972019547243, 0.0038263872214443456, 0.0038697327575631453, 0.0017760653115697156, 0.0006284727322745938, 0.001131812628267683, 0.00036361253105977957, 0.0011383121043084458, 0.0018281700486071288, 0.0008569703007755814, 0.0018084534648989277, 0.0016057169741014359, 0.0014279642306148973, 0.0006111970027764811], [0.0012980367519055721, 0.0010051755995404486, 0.0012652274595710774, 0.005720890132089898, 0.0017760653115697156, 0.008592889544815708, 0.0008094472714635325, 0.0016375158204335032, 0.000755632436270286, 0.0013389218618346684, 0.0026409790506369928, -0.0007266051899287164, -0.001879701068231004, 0.0016923371813853155, 0.001567369427384091, 0.0007281373290555332], [0.002215684099793184, 0.0012640177665616866, -0.0005497984274979178, 0.0020670256732843837, 0.0006284727322745938, 0.0008094472714635325, 0.004917990371161883, 0.0006139926412190698, -0.0002689141692343957, 0.0003639138907120075, 0.0011013716627756632, 0.00048312810867108937, 0.00022136843013775115, 2.22581146772869e-05, 0.00042830458994388466, -0.00041929466974294336], [0.0008522558237418756, 0.0011169061639764303, 0.0002626360182266812, 0.003589147761809689, 0.001131812628267683, 0.0016375158204335032, 0.0006139926412190698, 0.00523641971185447, 0.0016469692621240328, 0.0024050844554019146, 0.0038806545769488063, 0.0020947404189724057, 0.0022146356426646385, 0.0029801831819729983, -0.0005586983654128107, 0.0014895409739712794], [2.504420743392083e-05, 0.0009040557634696964, 0.0012861264239440893, 0.0024539348758543075, 0.00036361253105977957, 0.000755632436270286, -0.0002689141692343957, 0.0016469692621240328, 0.0023673608346468163, 0.0016940598399491395, 0.0022242209899033805, 0.0012987337609756805, 0.0008475079040144106, 0.0018564234768162356, 0.0004954545957535787, 0.0016737369663733061], [0.0007229748810261778, 0.0010599154076255772, 0.0007992264803781038, 0.003391895139067908, 0.0011383121043084458, 0.0013389218618346688, 0.0003639138907120075, 0.0024050844554019146, 0.0016940598399491393, 0.0026592557251095793, 0.0032693039645056822, 0.0012364716106694834, 0.0017090943137517598, 0.0027036905716691945, 0.0009432688963507432, 0.0018658401972044029], [0.003797654339044337, 0.0021366753965661642, 0.0020892235904487835, 0.006804882562924406, 0.0018281700486071288, 0.0026409790506369928, 0.0011013716627756632, 0.0038806545769488063, 0.0022242209899033813, 0.0032693039645056822, 0.009061858712267029, 0.002001002324791359, 0.002474745581550837, 0.004220916428250245, -0.0009292325061463771, 0.0023875554064734764], [0.00040722480609347114, 0.0007235452205714848, 7.087086015975692e-05, 0.00249741541745365, 0.0008569703007755814, -0.0007266051899287164, 0.00048312810867108937, 0.0020947404189724057, 0.0012987337609756805, 0.0012364716106694834, 0.0020010023247913587, 0.0036289339212258426, 0.0024467430110233107, 0.0014728276753075383, 1.8115100498922886e-05, 0.0015731511728169403], [0.0017646309353623777, 0.0008878615418828953, -7.936051582021963e-05, 0.003043237964987454, 0.0018084534648989277, -0.001879701068231004, 0.00022136843013775115, 0.0022146356426646385, 0.0008475079040144106, 0.0017090943137517598, 0.002474745581550837, 0.0024467430110233107, 0.00743447555961041, 0.0026120330933162446, 0.00043439365782188023, 0.0020019499952822267], [0.0007885456256956317, 0.000268893734410102, 0.0024938189674578864, 0.006776518636253046, 0.0016057169741014359, 0.0016923371813853138, 2.225811467728636e-05, 0.0029801831819729983, 0.0018564234768162356, 0.0027036905716691945, 0.004220916428250245, 0.0014728276753075383, 0.0026120330933162446, 0.009180900289277226, 0.0014412749930987232, 0.0018733875860240407], [-0.00029928039009512295, 0.0001296006231192617, 0.0015661983965217872, 0.0014045174744587079, 0.0014279642306148977, 0.001567369427384091, 0.00042830458994388466, -0.0005586983654128107, 0.0004954545957535787, 0.0009432688963507427, -0.0009292325061463771, 1.8115100498922886e-05, 0.0004343936578218808, 0.0014412749930987232, 0.011443502092577457, 0.00021220852791395983], [0.0011766019645466372, 0.001073683224331166, 0.0012470863737953654, 0.0022552190425355455, 0.0006111970027764809, 0.0007281373290555326, -0.00041929466974294336, 0.0014895409739712794, 0.0016737369663733061, 0.0018658401972044029, 0.0023875554064734764, 0.0015731511728169403, 0.0020019499952822267, 0.0018733875860240407, 0.00021220852791395983, 0.0025125990120085113]], [[0.006348832689958537, 0.0016575658495532255, 0.002933088592715082, 0.0037609609806037005, 0.0028860921594759644, 0.0024938281604788034, 0.0014429893201952596, 0.002219893045179087, 0.0023317383388051353, 0.0018266743498488028, 0.0021082652397979413, 0.0015372043262130491, 0.0027617308736542882, 0.005391315374659406, 0.00037867261050447394, 0.0019881930291558553], [0.0016575658495532255, 0.0024915584585397344, 0.0008018406119236149, 0.001109104660703579, 0.0011427453572243, 0.0008721386137096606, 0.0012278897888982102, 0.0013106510641551308, 0.0012976676704051374, 0.0014830931689192044, 0.0006613180853583924, 0.00146913327835511, 0.0008123959236730661, 0.002225319528473486, 0.0005708447824576571, 0.0014005746846179452], [0.002933088592715082, 0.0008018406119236149, 0.00408395390418833, 0.0026189538444614533, 0.0015682341986247115, 0.001826016653486332, 0.001065431032914772, 0.0013134865496296955, 0.00175064711974389, 0.0012101894044590634, 0.0014609016315391226, 0.0015749227137456592, 0.002033771780358466, 0.0033983838557900626, 3.927830399794187e-05, 0.001449943041400725], [0.0037609609806037005, 0.001109104660703579, 0.0026189538444614524, 0.0074299569962186385, 0.002165781572857245, 0.0014980394674565449, 0.0012679001234774706, 0.002814019717910879, 0.0016670637688958084, 0.001388435973528792, 0.001517838802133315, 0.000612399364072385, 0.002404894135270358, 0.00416986065860399, 0.0005947139640345631, 0.0012000076246773894], [0.0028860921594759644, 0.0011427453572243, 0.0015682341986247115, 0.002165781572857245, 0.002864520502721969, 0.001841279605969806, 0.001343025214786643, 0.0026476919592168355, 0.0015792745800310604, 0.001514883477456983, 0.0017885132067425754, 0.0014028323668686296, 0.0014090353155018348, 0.0034590975039931054, 0.0005087529943865327, 0.0012443103359967142], [0.0024938281604788034, 0.0008721386137096606, 0.001826016653486332, 0.0014980394674565447, 0.001841279605969806, 0.005230740544548878, 0.0013947026204933527, 0.0021034950258336897, 0.0012783478905082784, 0.0014012097716532169, 0.0013818505638423554, 0.0012480843099399992, 0.0010797875351791853, 0.002829027971899593, 0.0005433439729279159, 0.001079096453112227], [0.0014429893201952598, 0.0012278897888982102, 0.001065431032914772, 0.0012679001234774702, 0.001343025214786643, 0.0013947026204933527, 0.0032770165189365754, 0.001471728475638003, 0.001647833838374283, 0.0013862639984013442, 0.0016126197274426066, 0.0015698558517775033, 0.000845769309973725, 0.002832933213138127, 0.0015722266316032627, 0.001675962469911773], [0.0022198930451790876, 0.001310651064155131, 0.0013134865496296955, 0.002814019717910879, 0.002647691959216836, 0.0021034950258336897, 0.0014717284756380032, 0.004743549303572106, 0.0015138437520879876, 0.0021699974600178887, 0.0018949571184952848, 0.0018647657349266222, 0.0007202209640775906, 0.0032844220707810927, -0.0005226144460546957, 0.001345823086270168], [0.0023317383388051353, 0.0012976676704051372, 0.00175064711974389, 0.0016670637688958084, 0.0015792745800310604, 0.001278347890508278, 0.001647833838374283, 0.0015138437520879876, 0.0025715595848691364, 0.0016674071047254005, 0.0009084650479256534, 0.0010076282163938106, 0.001467696971905413, 0.0026796558807536067, 0.0005393327899243146, 0.001968282524941854], [0.0018266743498488028, 0.0014830931689192044, 0.0012101894044590634, 0.001388435973528792, 0.0015148834774569833, 0.0014012097716532169, 0.001386263998401344, 0.0021699974600178887, 0.0016674071047254003, 0.0024831279737854203, 0.0014291168071283414, 0.0017760238909295136, 0.0008541995261503847, 0.0023324280304840893, 0.00045690103580988577, 0.0014007836896507597], [0.0021082652397979413, 0.0006613180853583922, 0.0014609016315391223, 0.001517838802133315, 0.0017885132067425758, 0.0013818505638423554, 0.0016126197274426066, 0.0018949571184952848, 0.0009084650479256534, 0.0014291168071283414, 0.00493562485160582, 0.0015789269508213772, 0.0009959785205136112, 0.0035489688749175976, 0.0009408218052496156, 0.0005638723021476183], [0.0015372043262130491, 0.00146913327835511, 0.0015749227137456594, 0.000612399364072385, 0.0014028323668686298, 0.0012480843099399992, 0.0015698558517775033, 0.0018647657349266222, 0.0010076282163938113, 0.0017760238909295136, 0.0015789269508213776, 0.004176602211761213, 0.0010122120562424692, 0.001732622084829763, -0.0005112653133382323, 0.0007592562440729896], [0.0027617308736542882, 0.0008123959236730664, 0.0020337717803584664, 0.002404894135270358, 0.0014090353155018346, 0.0010797875351791853, 0.000845769309973725, 0.0007202209640775906, 0.0014676969719054132, 0.0008541995261503847, 0.000995978520513611, 0.0010122120562424692, 0.004304304934906398, 0.0017227464550900412, -0.00032209759665120346, 0.0012661253107199156], [0.005391315374659406, 0.002225319528473486, 0.0033983838557900626, 0.00416986065860399, 0.003459097503993106, 0.002829027971899592, 0.002832933213138127, 0.0032844220707810927, 0.0026796558807536067, 0.0023324280304840893, 0.003548968874917597, 0.001732622084829763, 0.0017227464550900412, 0.009320512554410918, 0.0011183963322007418, 0.002786955617338194], [0.00037867261050447367, 0.0005708447824576572, 3.9278303997941585e-05, 0.000594713964034563, 0.0005087529943865327, 0.0005433439729279159, 0.0015722266316032629, -0.0005226144460546963, 0.0005393327899243144, 0.00045690103580988566, 0.0009408218052496156, -0.0005112653133382328, -0.00032209759665120346, 0.0011183963322007418, 0.013054543653133093, 0.0008367462482743608], [0.001988193029155856, 0.0014005746846179452, 0.001449943041400725, 0.0012000076246773898, 0.0012443103359967142, 0.001079096453112227, 0.0016759624699117734, 0.001345823086270168, 0.001968282524941854, 0.0014007836896507597, 0.0005638723021476183, 0.0007592562440729897, 0.0012661253107199156, 0.002786955617338194, 0.0008367462482743608, 0.00243437014633417]]], "model.startprob_": [8.90314782809092e-71, 1.0]}