{"model.transmat_": [[0.3436203370912598, 0.6563796629087403], [0.48639420296172176, 0.5136057970382784]], "model.means_": [[-0.02986976361190826, -0.004035111585504277, -0.02818674576726786, -0.040084585773805116, -0.020426909035457665, -0.00952909861714267, -0.015343333164148387, -0.021867323664590228, -0.009418286861669579, -0.005256437178828213, -0.02859108307927264, -0.009717987378189937, -0.034331107394609296, -0.039833490189684795, -0.020552813192073614, -0.019568668976120224, -0.010304437384904908, -0.02216710211410123, -0.03432610794484706, -0.015284283610597475, -0.010437877979264397, -0.01247870014802586, -0.012324293270656919, -0.004951173866078441, -0.04304064464895696, -0.019570697181626136, -0.038809479702556354, -0.024973166284372374, 0.0003743274156273024, -0.016219012909811585, -0.03353385891576876, -0.024434135448388693, -0.046470848674477, -0.01979308767398429, -0.017892564989935876], [0.047515300908865854, 0.03318856228040211, 0.0404362729245973, 0.057356916669597253, 0.034888269232440386, 0.040386923514871755, 0.03202635295846263, 0.03809637829170124, 0.03316723443224564, 0.03490221802572493, 0.045259382293367456, 0.04107207536215232, 0.0548435707858222, 0.07034751526531784, 0.046979436422095885, 0.03631615497435629, 0.03246231823293996, 0.0485923325665358, 0.04831913944592277, 0.055798481676517984, 0.04533547027990563, 0.05735758773026874, 0.045982398161039904, 0.03774417560016424, 0.046412904630990695, 0.053326771688843214, 0.08825306570481145, 0.051453166613289636, 0.019642142065639502, 0.04063552272032371, 0.05504394528280355, 0.045629588398719466, 0.0646985032506786, 0.042038632294902456, 0.041526109801388246]], "model.covars_": [[[0.005162523476772434, 0.0012133767173132673, 0.0014206576488551119, 0.0031388187671175885, 0.0021212041515217593, 0.0018699120040703832, 0.0010431948225628305, 0.0025144341795948905, 0.0018498880702397717, 0.0017160150155203966, 0.00015098646082903935, 0.0015091705556404074, 0.0019370331474960862, 0.003952096124385398, -7.26995551443034e-05, 0.0019241709494188727, 0.0012979761016979079, 0.0010866254032378426, 0.0023498632434919963, 0.0024543698954784927, 0.0012990022995270523, 0.002238678049354544, 0.0018662493077072518, 0.0016216895402142765, 0.001329332173907249, 0.0022475723576700474, 0.00314347948843185, 0.0019647070337784024, 0.0009759870590051243, 0.0011171262785707983, 0.0015882109297855411, 0.0015866349892885616, 0.0026291652587103215, 0.0025017244750766255, 0.00195983326555252], [0.0012133767173132673, 0.002213149142073339, 0.0006875267014824469, 0.0009928567355101342, 0.0005776134392993377, 0.0008031394271835084, 0.0010756644468784297, 0.0013520744997715254, 0.0011791697930139573, 0.0014063227822045362, 0.00019971491451962006, 0.0014655499495843589, 0.0007665338913620183, 0.0016167816800650595, 0.00010179093423513459, 0.0016375913023808555, 0.0004658833354334582, 6.573033905181845e-05, 0.00040649640086000616, 0.0014756804048737136, 0.001023486987793479, 0.001342160638118597, 0.0015038725195415281, 0.001286255020872063, 0.0005471392493244041, 0.0009049933572140154, 0.001404529527422806, 0.0006467984172803097, 0.0011143908188608513, 0.00102486786718163, 0.00019835328342257796, 0.0006820927850006678, 0.0010318778200488607, 0.0010156383655646616, 0.0011822352496658898], [0.0014206576488551119, 0.0006875267014824469, 0.004285010615127322, 0.0020114165587421704, 0.0010123738789244944, 0.0016005702762592335, 0.000815488424150415, 0.0014143737209813107, 0.0011006696836633543, 0.0016587945798407356, 0.0012591395029234276, 0.0016968300963166461, 0.000949630644049973, 0.0028565111775742777, 6.267847080647036e-05, 0.0013597758515540026, 0.0007679233957542889, 0.0018200990224933045, 0.0008585507139209141, 0.0025168120447140365, 0.0006311563150518228, 0.0011345394532808462, 0.0011237444756753338, 0.0015722346411855355, 0.0018188105854694153, 0.0019712099483196943, 0.0019522288225156698, 0.002029784434668718, 0.0005822066935465799, 5.603490065528135e-05, 0.00044583546096618076, 0.0009179784760185519, 0.0024447495352658472, 0.0012417190060472728, 0.0017412578674257614], [0.0031388187671175885, 0.0009928567355101342, 0.0020114165587421704, 0.008185206908966638, 0.0019870375546418217, 0.001464287442777486, 0.0012627422343095495, 0.0034156089195120872, 0.0020453945809015034, 0.0020297247960047384, 0.0010336944414743928, 0.001190381068351054, 0.0015897170872254094, 0.003959237018056003, -0.00014046487310321324, 0.0016762550638970892, 0.0009259988647202336, 0.0022200179255210044, 0.002134068943010845, 0.0039792314051538815, 0.0006658602073206294, 0.002502389724301199, 0.001601229370121294, 0.0014745669250066577, 0.001373717739706066, 0.001974636021567052, 0.0032121871932330437, 0.0018648844476753896, 0.0018634553766010806, 0.0010611665152664611, 0.0009066625481232645, 0.0016411831767313917, 0.002500500358198141, 0.002876039293642268, 0.0015535243284865183], [0.0021212041515217593, 0.0005776134392993377, 0.0010123738789244944, 0.0019870375546418217, 0.0025575390001362935, 0.001116052559349038, 0.0007587914073521921, 0.0022333920554430827, 0.0009748987769813621, 0.0012603488634387457, 0.0013767140697287887, 0.0010571425502518183, 0.0010792529352394661, 0.002484417244798122, -0.00042250549691216495, 0.0006912523107693558, 4.491799769197256e-05, 0.0014540587668806597, 0.001243499361854152, 0.001767297560582274, 0.00043984865293215724, 0.0017795571997816376, 0.001173160001404935, 0.0007243589831116247, 0.0012527223669274246, 0.0016578244735187902, 0.0020219826754083485, 0.0014947031560547084, 0.0005793376864323415, 0.0005639497591692859, 0.0007781117041313855, 0.000561740599023144, 0.0014351080994575213, 0.001872175837063191, 0.0008248086612635568], [0.0018699120040703832, 0.0008031394271835085, 0.0016005702762592335, 0.001464287442777486, 0.0011160525593490382, 0.003962524798547796, 0.0008980591884136044, 0.0014604165655806571, 0.0008534735835049294, 0.0013972013004844186, 0.0007426716341065419, 0.0012103523152234101, 0.0008416015570788049, 0.0015882833578964458, -0.0002597372560924427, 0.0009633166195329632, 0.0007887575270007161, 0.0017750384304486102, 0.001239630945889398, 0.0018570936058224753, 0.0010153379175485684, 0.002422255681657703, 0.00036050861478154034, 0.001019936763782459, 0.0015520619321560609, 0.0017625758809445336, 0.0030789258642484546, 0.0012432199331747814, 0.0008955799028224793, 0.001329545586199454, 0.0003865113013538968, 0.0007503456374430597, 0.0016988686037241294, 0.0013017011558856227, 0.0008067598752265117], [0.0010431948225628305, 0.0010756644468784297, 0.0008154884241504153, 0.0012627422343095495, 0.000758791407352192, 0.0008980591884136044, 0.003513958332742477, 0.0018217727612451972, 0.0016478151975065076, 0.0017440380951597694, 0.00042207727866495394, 0.0019396138285764386, 0.0005448220264310522, 0.002269694264341962, 0.0011808004696612516, 0.001884618248349735, 0.0011994414707624241, 0.002637408966746809, 0.0012197350424915682, 0.0011878812219471822, 0.001602579883504599, 0.00230685701861117, 0.0015319961376041823, 0.0014568766179577318, 0.0011167869064994203, 0.0018503763847794335, 0.00099734034221608, 0.0014447211324281806, 0.0018677616845588054, 0.002100271140956031, 0.00018661935689639263, 0.001633179718655094, 0.0014892580688337083, 0.0017479849460357896, 0.0019001219933234622], [0.002514434179594891, 0.0013520744997715254, 0.0014143737209813107, 0.0034156089195120872, 0.0022333920554430827, 0.0014604165655806571, 0.0018217727612451972, 0.005686906464847161, 0.002379414440447639, 0.003205700260764442, 0.00033416026211971825, 0.0027344697041976874, 0.0015878538060317055, 0.004023726457634379, -0.0016081224049963542, 0.002337788279455183, 0.0006281309860976186, 0.0022158521048664817, 0.0023257639848867566, 0.0025414838456630407, 0.0018540241937649378, 0.0020882942478829256, 0.002605597615821975, 0.001955611109221041, 0.001568462192296554, 0.0025813968758659246, 0.002830620029987934, 0.0019079340292191766, 0.0013882857778116562, 0.0017754895409239646, 0.0016523219068969865, 0.0015575682215988838, 0.00307893658415147, 0.00289536514232091, 0.001981248647676588], [0.0018498880702397717, 0.0011791697930139573, 0.0011006696836633537, 0.0020453945809015034, 0.0009748987769813621, 0.0008534735835049294, 0.0016478151975065076, 0.0023794144404476383, 0.0029731982586161257, 0.002051610811406303, -0.0005214965685930218, 0.0017585961798700946, 0.0015037529923675784, 0.002769483356597387, -0.0004105361463668195, 0.002643509689385901, 0.0009380481492666018, 0.0017059418270656567, 0.002201147792210201, 0.0015095134462429108, 0.0014085781351177078, 0.0008633623733660191, 0.0019556110583460714, 0.0016384812574762313, 0.0009856730985577705, 0.0016430929885541095, 0.0014479443842943223, 0.0017380883243152477, 0.001032942684620618, 0.000681677612218157, 0.0013834468027040267, 0.0008422488599213697, 0.002057094146205202, 0.0020614419532253157, 0.0018059181915219035], [0.0017160150155203966, 0.0014063227822045362, 0.0016587945798407354, 0.0020297247960047384, 0.0012603488634387455, 0.0013972013004844186, 0.0017440380951597694, 0.003205700260764442, 0.002051610811406303, 0.003626092616206669, 0.0009186337492525428, 0.0027503253468157732, 0.001175471456727684, 0.002982885890157412, 0.0006175235228271929, 0.002458250641875547, 0.00118208167773498, 0.0014563408394599935, 0.0019142615083672556, 0.0021850690381648636, 0.0018985235751629093, 0.0016480359620062203, 0.002351501240663547, 0.002125548451561717, 0.0013604690056345282, 0.002575741263335911, 0.0022560036988742704, 0.0018167955956518449, 0.0013338680782043614, 0.0014938666027064066, 0.0006781148827536052, 0.0015548753388353075, 0.0024548199873457173, 0.0021328218292188113, 0.002339157836847018], [0.00015098646082903935, 0.00019971491451962006, 0.0012591395029234276, 0.0010336944414743928, 0.0013767140697287887, 0.0007426716341065419, 0.00042207727866495394, 0.00033416026211971825, -0.0005214965685930217, 0.0009186337492525428, 0.007865055126813377, 0.00024169606998267188, -0.00011539805432800377, 0.0016182781499367784, 0.0011063971102512012, -0.0008706476762595513, -0.00010591002524838155, 9.230295342319651e-05, 0.0005424606635740558, 5.493064588260399e-05, -0.00044327841407673787, 0.0022401749857389563, 0.00017622277630593267, 0.00013773350007106186, 0.0006897797929749545, 0.0010688180126801345, 0.0012081469921107289, 0.00034992882092486086, 0.00046062929272333293, 0.0007393922042492425, -0.0005911193129385898, 0.00016668359704286717, -0.0003407506259636949, -0.0014038684106457506, -0.00038975270280428525], [0.0015091705556404074, 0.0014655499495843589, 0.0016968300963166464, 0.001190381068351054, 0.0010571425502518183, 0.0012103523152234101, 0.0019396138285764386, 0.0027344697041976874, 0.0017585961798700946, 0.0027503253468157732, 0.00024169606998267188, 0.004891803151293092, 0.0009528827523297101, 0.0020475309525135434, -0.0011970907150342838, 0.0018663565216058605, 0.00045357213533240464, 0.0019941725932476487, 0.0010820931905082198, 0.0023591116003775117, 0.0020792916290950834, 0.0016165352797730306, 0.001997376586933732, 0.0025457945979154768, 0.0015230079635804375, 0.001967425589742459, 0.00107487813629924, 0.0012622136340690283, 0.000560489045629975, 0.001354315419233677, 0.0014864223749806906, 0.0011037977876072792, 0.0028607975185873796, 0.001719038674600277, 0.0018394527923535104], [0.0019370331474960862, 0.0007665338913620183, 0.000949630644049973, 0.0015897170872254094, 0.001079252935239466, 0.0008416015570788049, 0.0005448220264310524, 0.0015878538060317055, 0.0015037529923675784, 0.001175471456727684, -0.00011539805432800377, 0.0009528827523297103, 0.0033173332482165203, 0.0017346340053399785, -0.0002896446446551308, 0.001502296957033454, 0.0011116796665664112, 0.0010575451151754924, 0.002183465919868853, 0.0015378743938341067, 0.0008267381307897567, 0.0006691387578896866, 0.0013836998652080985, 0.0012608551669728908, 0.0008185950281281966, 0.0013217748103707544, 0.0019940192689742045, 0.0010647180227212787, 0.0007415277274995143, 0.00045002251004835973, 0.0014538066755553644, 0.0008174955595859665, 0.002009066309289466, 0.0009566915584044896, 0.001576230372317712], [0.003952096124385398, 0.0016167816800650595, 0.002856511177574278, 0.003959237018056003, 0.002484417244798122, 0.0015882833578964458, 0.002269694264341962, 0.004023726457634378, 0.002769483356597387, 0.002982885890157412, 0.0016182781499367784, 0.002047530952513543, 0.0017346340053399785, 0.00862271018875152, 0.000489617449834735, 0.0029366547687967866, 0.0012575667046927587, 0.002615514750237542, 0.003332267746554776, 0.0029793605425685885, 0.0013844367902320785, 0.003189693374584982, 0.0025765722376190165, 0.0019103391753269626, 0.0024311558588313137, 0.004101899907211901, 0.004242350684616827, 0.002837782780646419, 0.002653352189402057, 0.002565394011062602, 0.001381537951015549, 0.002142573109617019, 0.003454640141023365, 0.003041913307008744, 0.002456590100454338], [-7.269955514430328e-05, 0.00010179093423513466, 6.267847080647022e-05, -0.00014046487310321348, -0.00042250549691216495, -0.0002597372560924427, 0.0011808004696612516, -0.0016081224049963542, -0.0004105361463668195, 0.0006175235228271929, 0.0011063971102512012, -0.0011970907150342836, -0.0002896446446551308, 0.000489617449834735, 0.015223233835972237, 0.0005050512831473571, 0.0013200980142584393, -0.0004455245764338302, -0.0007732869053183302, 0.0005664932127436318, -0.001859594091647587, 0.000246460519755183, 0.0006559639650472447, 0.00048025741451205174, -0.0009190432420567023, 0.0014603683254615187, 0.0006038093203887188, 0.0006684963476167565, 0.0013415518309229193, 0.0020710251123434256, -0.001817255785396041, 0.0015665827390106543, -0.000581346013472889, 0.00064805944930413, 0.0014987111917130764], [0.0019241709494188719, 0.0016375913023808555, 0.0013597758515540026, 0.0016762550638970892, 0.0006912523107693557, 0.0009633166195329632, 0.001884618248349735, 0.002337788279455183, 0.002643509689385901, 0.002458250641875547, -0.0008706476762595513, 0.0018663565216058605, 0.001502296957033454, 0.0029366547687967866, 0.0005050512831473572, 0.0034837530287144996, 0.0012964253177320485, 0.0014637931394902535, 0.002154677758963489, 0.0014159021647488605, 0.0017922924266125003, 0.0012506349899454304, 0.002407191724942787, 0.0021880403138322692, 0.0010105762458854017, 0.0017960246722873434, 0.0016172555156445092, 0.0016423203313910948, 0.0012206630899127035, 0.0011115658758742654, 0.0009480607913251566, 0.0016386103918799883, 0.0022344581302572043, 0.0018986689924184786, 0.0022110615275136207], [0.0012979761016979079, 0.0004658833354334582, 0.0007679233957542889, 0.0009259988647202336, 4.491799769197256e-05, 0.0007887575270007161, 0.0011994414707624241, 0.0006281309860976186, 0.0009380481492666018, 0.0011820816777349803, -0.00010591002524838155, 0.00045357213533240464, 0.0011116796665664112, 0.0012575667046927585, 0.0013200980142584388, 0.0012964253177320485, 0.004251290382006336, 0.0018687570175689966, 0.0019025213073636707, 0.0004656037587870821, 0.0012252445195527623, 0.000683198048851012, 0.0013102988421340648, 0.001522972442598129, 0.0013362594229777431, 0.001156226112341994, 0.0004685259184247988, 0.0011767487487748466, 0.0023237726603370316, 0.0018036678883949348, 0.000642974986038409, 0.0018066621639344132, 0.000875424719692631, 0.0004999258386035647, 0.0018036313043369055], [0.0010866254032378426, 6.573033905181845e-05, 0.0018200990224933045, 0.0022200179255210044, 0.0014540587668806597, 0.0017750384304486104, 0.002637408966746809, 0.0022158521048664817, 0.0017059418270656567, 0.0014563408394599935, 9.230295342319627e-05, 0.0019941725932476487, 0.0010575451151754924, 0.002615514750237542, -0.0004455245764338302, 0.0014637931394902535, 0.0018687570175689966, 0.006105538331206222, 0.0019261460961572758, 0.0012216048794035973, 0.001667851086249604, 0.00159001197883728, 0.0013716394407496477, 0.0015274670252157876, 0.002151949572204997, 0.0020169804979588623, 0.0018627812491016674, 0.002321844004859972, 0.0013754885740949834, 0.0015004542647602743, 0.0015324794921920287, 0.0017056997703167034, 0.002450065949277906, 0.001579761038410438, 0.0018629609661524476], [0.0023498632434919963, 0.00040649640086000616, 0.0008585507139209146, 0.002134068943010845, 0.001243499361854152, 0.001239630945889398, 0.0012197350424915682, 0.0023257639848867557, 0.0022011477922102007, 0.0019142615083672556, 0.0005424606635740558, 0.0010820931905082198, 0.002183465919868853, 0.003332267746554776, -0.0007732869053183302, 0.0021546777589634887, 0.0019025213073636707, 0.0019261460961572758, 0.004589938597453098, 0.00010599684298587184, 0.0013477260413570944, 0.0010918755316389978, 0.0016228588184508132, 0.0011511437609575891, 0.0010366820011176452, 0.0022502544156900828, 0.0023174965749546317, 0.0013621059597707544, 0.001315935503545758, 0.001716600438942207, 0.0019677589771720026, 0.0013979806942035903, 0.002280402846570834, 0.001176215941227102, 0.002118312159477602], [0.0024543698954784927, 0.0014756804048737136, 0.002516812044714036, 0.0039792314051538815, 0.001767297560582274, 0.0018570936058224753, 0.0011878812219471822, 0.0025414838456630407, 0.0015095134462429108, 0.0021850690381648636, 5.493064588260399e-05, 0.0023591116003775117, 0.0015378743938341067, 0.0029793605425685885, 0.0005664932127436316, 0.00141590216474886, 0.0004656037587870821, 0.0012216048794035973, 0.00010599684298587184, 0.005388271070811641, 0.0005991541804802707, 0.002375044931337643, 0.0014543795167048384, 0.0017603483960723174, 0.0018125929090558699, 0.0020253392411854116, 0.002560316045023166, 0.0023570879971592166, 0.00173524136366065, 0.0011291895673168852, -7.425574493519934e-05, 0.0010301479531833746, 0.002495360879902015, 0.003150845134851766, 0.0016257880633574044], [0.001299002299527052, 0.001023486987793479, 0.0006311563150518228, 0.0006658602073206294, 0.00043984865293215724, 0.0010153379175485682, 0.001602579883504599, 0.0018540241937649378, 0.0014085781351177076, 0.0018985235751629093, -0.00044327841407673814, 0.0020792916290950834, 0.0008267381307897567, 0.0013844367902320785, -0.001859594091647587, 0.0017922924266125003, 0.0012252445195527623, 0.001667851086249604, 0.0013477260413570944, 0.0005991541804802704, 0.0035854135245378433, 0.0009667098634232509, 0.0019083757517167656, 0.002086145480068632, 0.0007327779730600871, 0.001432043502259474, 0.0005486489931142243, 0.00060427876515814, 0.0005452295934940953, 0.0007740712395427945, 0.0010802568556660703, 0.0014859716355472878, 0.001515556441041438, 0.0006625802640594555, 0.0019363045138722787], [0.002238678049354544, 0.001342160638118597, 0.0011345394532808462, 0.0025023897243011983, 0.0017795571997816376, 0.002422255681657703, 0.00230685701861117, 0.0020882942478829256, 0.0008633623733660191, 0.0016480359620062203, 0.0022401749857389563, 0.0016165352797730306, 0.0006691387578896866, 0.003189693374584982, 0.0002464605197551832, 0.0012506349899454304, 0.000683198048851012, 0.0015900119788372802, 0.0010918755316389978, 0.002375044931337643, 0.0009667098634232512, 0.006668795363360924, 0.0013498196196161066, 0.001240691471697686, 0.001581026798553862, 0.0025489162622265526, 0.0031219109671884204, 0.0010019760284245493, 0.002051087359410894, 0.002404212089954123, -0.0004206454202505815, 0.001970443370501455, 0.001647495045810887, 0.002127389324087836, 0.0008600229050937502], [0.0018662493077072518, 0.0015038725195415277, 0.0011237444756753338, 0.001601229370121294, 0.001173160001404935, 0.00036050861478154034, 0.0015319961376041823, 0.002605597615821975, 0.0019556110583460714, 0.002351501240663547, 0.00017622277630593267, 0.001997376586933731, 0.0013836998652080985, 0.0025765722376190165, 0.0006559639650472444, 0.002407191724942787, 0.0013102988421340648, 0.0013716394407496477, 0.0016228588184508132, 0.0014543795167048384, 0.0019083757517167656, 0.0013498196196161066, 0.003786665661686739, 0.0021130469728664674, 0.0010214921292242367, 0.0021683808972925876, 0.001258100756090761, 0.0017053647851062975, 0.0011469385491365218, 0.0009019737817642078, 0.0006903652766785978, 0.0014303430341112533, 0.0020682947614453755, 0.0016025441711311765, 0.0021032353561442957], [0.0016216895402142765, 0.001286255020872063, 0.0015722346411855355, 0.0014745669250066577, 0.0007243589831116247, 0.001019936763782459, 0.0014568766179577316, 0.001955611109221041, 0.0016384812574762313, 0.002125548451561717, 0.00013773350007106186, 0.0025457945979154768, 0.0012608551669728908, 0.0019103391753269622, 0.00048025741451205174, 0.0021880403138322692, 0.001522972442598129, 0.0015274670252157876, 0.0011511437609575891, 0.0017603483960723174, 0.0020861454800686317, 0.0012406914716976863, 0.0021130469728664674, 0.004264416778648422, 0.0003651726788726731, 0.0012293862606651215, 0.000875043051905276, 0.0009018640374025283, 0.0007627277124099946, 0.0012822592632856173, 0.0011853681071907814, 0.0014570896852564674, 0.0019304986240801234, 0.0012490359406261522, 0.0023261206381170445], [0.0013293321739072483, 0.0005471392493244043, 0.0018188105854694153, 0.001373717739706066, 0.0012527223669274237, 0.0015520619321560609, 0.0011167869064994203, 0.001568462192296554, 0.0009856730985577705, 0.0013604690056345284, 0.0006897797929749545, 0.0015230079635804375, 0.0008185950281281966, 0.0024311558588313133, -0.0009190432420567023, 0.0010105762458854017, 0.0013362594229777431, 0.002151949572204997, 0.0010366820011176452, 0.0018125929090558699, 0.0007327779730600871, 0.001581026798553862, 0.0010214921292242363, 0.0003651726788726731, 0.004297972670165113, 0.001692711945827418, 0.001037811081948931, 0.0018386480472637142, 0.0018554499576685843, 0.00042549901582555774, 0.0008447830740297747, 0.0007607739285847857, 0.0018390238513573468, 0.001838059601731003, 0.0011327953482429156], [0.0022475723576700474, 0.0009049933572140154, 0.0019712099483196943, 0.001974636021567052, 0.0016578244735187902, 0.0017625758809445334, 0.0018503763847794333, 0.0025813968758659246, 0.0016430929885541095, 0.002575741263335911, 0.001068818012680134, 0.001967425589742459, 0.0013217748103707544, 0.004101899907211901, 0.0014603683254615187, 0.0017960246722873434, 0.0011562261123419944, 0.0020169804979588623, 0.0022502544156900828, 0.0020253392411854116, 0.001432043502259474, 0.0025489162622265526, 0.0021683808972925876, 0.0012293862606651215, 0.001692711945827418, 0.004353703417162724, 0.0032104455523079478, 0.0021279451053338684, 0.0018594904374427239, 0.001751406020602871, 0.0007288845635985356, 0.001502052403522056, 0.0027484271713385114, 0.002250418472235075, 0.0021110457615073656], [0.00314347948843185, 0.001404529527422806, 0.00195222882251567, 0.0032121871932330437, 0.0020219826754083485, 0.0030789258642484546, 0.00099734034221608, 0.002830620029987934, 0.0014479443842943223, 0.0022560036988742704, 0.0012081469921107289, 0.00107487813629924, 0.0019940192689742045, 0.004242350684616827, 0.0006038093203887184, 0.0016172555156445092, 0.0004685259184247988, 0.0018627812491016679, 0.0023174965749546317, 0.002560316045023166, 0.0005486489931142243, 0.0031219109671884204, 0.0012581007560907612, 0.000875043051905276, 0.001037811081948931, 0.0032104455523079478, 0.007234327185063049, 0.0022416185890141867, 0.0014979763315915167, 0.002137646964477692, 0.0007657748634664199, 0.001551395381289597, 0.002914917129246086, 0.0017615321263612868, 0.0011099427635510681], [0.0019647070337784024, 0.0006467984172803098, 0.002029784434668718, 0.0018648844476753896, 0.0014947031560547087, 0.0012432199331747808, 0.0014447211324281806, 0.0019079340292191766, 0.0017380883243152477, 0.0018167955956518449, 0.00034992882092486086, 0.0012622136340690283, 0.0010647180227212787, 0.002837782780646419, 0.0006684963476167565, 0.0016423203313910948, 0.0011767487487748466, 0.002321844004859972, 0.0013621059597707544, 0.002357087997159216, 0.00060427876515814, 0.0010019760284245493, 0.0017053647851062975, 0.0009018640374025283, 0.0018386480472637142, 0.0021279451053338684, 0.0022416185890141867, 0.0034534247354037375, 0.0012282754594833457, 0.0007045374490764378, 0.0004558717129233784, 0.0008596233038191813, 0.002253217504229999, 0.002414936040026863, 0.0015020495476336798], [0.0009759870590051243, 0.0011143908188608513, 0.0005822066935465799, 0.0018634553766010804, 0.0005793376864323415, 0.0008955799028224792, 0.0018677616845588052, 0.001388285777811656, 0.001032942684620618, 0.0013338680782043614, 0.0004606292927233328, 0.0005604890456299749, 0.0007415277274995142, 0.0026533521894020577, 0.0013415518309229193, 0.0012206630899127035, 0.002323772660337032, 0.0013754885740949834, 0.001315935503545758, 0.00173524136366065, 0.0005452295934940953, 0.002051087359410894, 0.0011469385491365218, 0.0007627277124099945, 0.0018554499576685843, 0.0018594904374427239, 0.0014979763315915162, 0.0012282754594833455, 0.005281021584227607, 0.003800099902507364, -0.00041576889222535545, 0.001797502014968177, 0.00046193860692067876, 0.001840656559333026, 0.0020123474991734064], [0.0011171262785707983, 0.00102486786718163, 5.603490065528135e-05, 0.0010611665152664611, 0.0005639497591692857, 0.0013295455861994535, 0.002100271140956031, 0.0017754895409239644, 0.000681677612218157, 0.0014938666027064073, 0.0007393922042492425, 0.001354315419233677, 0.0004500225100483596, 0.0025653940110626013, 0.0020710251123434256, 0.0011115658758742654, 0.0018036678883949348, 0.0015004542647602743, 0.001716600438942207, 0.0011291895673168852, 0.0007740712395427945, 0.002404212089954123, 0.0009019737817642078, 0.0012822592632856173, 0.00042549901582555774, 0.001751406020602871, 0.002137646964477692, 0.0007045374490764378, 0.003800099902507364, 0.006625398112235534, 0.0004585786257026637, 0.0023897139316265974, 0.0007037970862613454, 0.0010740095393284791, 0.0019905059537134637], [0.0015882109297855411, 0.0001983532834225779, 0.0004458354609661805, 0.0009066625481232645, 0.0007781117041313855, 0.0003865113013538968, 0.00018661935689639263, 0.0016523219068969865, 0.0013834468027040267, 0.0006781148827536052, -0.0005911193129385898, 0.0014864223749806909, 0.001453806675555364, 0.001381537951015549, -0.001817255785396041, 0.0009480607913251566, 0.0006429749860384091, 0.0015324794921920287, 0.0019677589771720026, -7.425574493519934e-05, 0.0010802568556660703, -0.0004206454202505812, 0.0006903652766785978, 0.0011853681071907814, 0.0008447830740297747, 0.0007288845635985356, 0.0007657748634664199, 0.0004558717129233784, -0.00041576889222535545, 0.0004585786257026637, 0.004089815709807409, 0.0002946213005825597, 0.001836901244999746, 0.0004424561338383831, 0.0012308962991906477], [0.0015866349892885616, 0.0006820927850006678, 0.0009179784760185519, 0.0016411831767313913, 0.0005617405990231443, 0.0007503456374430598, 0.001633179718655094, 0.0015575682215988838, 0.0008422488599213697, 0.0015548753388353075, 0.00016668359704286717, 0.001103797787607279, 0.0008174955595859665, 0.002142573109617019, 0.0015665827390106543, 0.0016386103918799883, 0.0018066621639344132, 0.0017056997703167032, 0.0013979806942035903, 0.0010301479531833746, 0.0014859716355472875, 0.001970443370501455, 0.0014303430341112533, 0.001457089685256467, 0.0007607739285847857, 0.001502052403522056, 0.001551395381289597, 0.0008596233038191813, 0.001797502014968177, 0.0023897139316265974, 0.0002946213005825597, 0.003551574045336409, 0.001628326311453894, 0.0014635341460259449, 0.0020751071221659246], [0.0026291652587103215, 0.0010318778200488607, 0.0024447495352658472, 0.002500500358198141, 0.0014351080994575213, 0.0016988686037241294, 0.0014892580688337083, 0.00307893658415147, 0.002057094146205202, 0.0024548199873457173, -0.0003407506259636954, 0.0028607975185873796, 0.002009066309289466, 0.003454640141023365, -0.0005813460134728888, 0.0022344581302572047, 0.000875424719692631, 0.002450065949277906, 0.002280402846570834, 0.002495360879902015, 0.001515556441041438, 0.001647495045810887, 0.002068294761445376, 0.0019304986240801234, 0.0018390238513573468, 0.0027484271713385123, 0.002914917129246086, 0.002253217504229999, 0.00046193860692067876, 0.0007037970862613454, 0.001836901244999746, 0.001628326311453894, 0.004682573952565886, 0.002299910126014824, 0.0024393150642622553], [0.0025017244750766264, 0.0010156383655646616, 0.0012417190060472728, 0.002876039293642268, 0.0018721758370631907, 0.0013017011558856227, 0.0017479849460357896, 0.00289536514232091, 0.002061441953225316, 0.0021328218292188113, -0.00140386841064575, 0.001719038674600277, 0.0009566915584044896, 0.003041913307008744, 0.00064805944930413, 0.0018986689924184786, 0.0004999258386035644, 0.001579761038410438, 0.0011762159412271019, 0.003150845134851766, 0.0006625802640594554, 0.0021273893240878364, 0.0016025441711311765, 0.0012490359406261522, 0.0018380596017310035, 0.002250418472235075, 0.0017615321263612868, 0.002414936040026863, 0.001840656559333026, 0.001074009539328479, 0.0004424561338383831, 0.0014635341460259449, 0.002299910126014824, 0.0056163733895695025, 0.002039898244220114], [0.00195983326555252, 0.0011822352496658898, 0.0017412578674257614, 0.0015535243284865183, 0.0008248086612635568, 0.0008067598752265117, 0.0019001219933234622, 0.001981248647676588, 0.0018059181915219035, 0.0023391578368470185, -0.00038975270280428525, 0.0018394527923535104, 0.001576230372317712, 0.002456590100454338, 0.0014987111917130764, 0.0022110615275136207, 0.0018036313043369055, 0.0018629609661524476, 0.002118312159477602, 0.0016257880633574044, 0.0019363045138722787, 0.0008600229050937502, 0.0021032353561442957, 0.0023261206381170445, 0.0011327953482429156, 0.0021110457615073656, 0.0011099427635510681, 0.0015020495476336798, 0.0020123474991734064, 0.0019905059537134637, 0.0012308962991906477, 0.002075107122165925, 0.0024393150642622553, 0.002039898244220114, 0.004410952953141913]], [[0.010214673064581722, 0.0008570957424495244, -0.000867066165406243, 2.184102888404362e-05, 0.00019063276960302856, 0.00086752516069386, 0.001245908270579397, 0.0008875235694350941, -3.667523697774467e-05, 0.00034196902330269, 0.0015539145858459455, 0.00013398268486768475, 0.0008739514342855245, 0.0006323715777519103, -0.0016509720165612766, 0.00040233887641830937, 0.0009349219947348225, -0.000416910782831637, 0.0012807140441610182, 0.0031235323323815043, 0.0012177226854167482, 0.0007966393925431153, 5.141137391915811e-05, 0.0005306198685453819, 0.0007398140817507755, 0.0006652580353202031, 0.0020161532788556917, 0.0010496793391988047, -8.181528971249544e-05, 0.0008947635554122234, -0.0001980935447424763, 0.0013088447439689452, 5.204295278321291e-05, 0.0010185104910665293, 0.0011326101830990618], [0.0008570957424495244, 0.0018582592906151473, 4.9004096585768084e-05, 0.0005031080109858048, 0.0004874721952109281, 0.0003546672534664609, 0.0009639135264974976, 0.0011193929206583294, 0.0006299396281782863, 0.0010265185821456786, 0.0010401313763794605, 0.0006391930873087399, 0.00023078730806833046, 0.0003217457844834331, 0.0001227451847831193, 0.0005030410829018275, 0.0009563660867551717, 0.0008470875589099068, 0.000368230255794346, 0.0006823847474267408, 0.0008904322367336081, 0.0009948908142758508, 0.0007476704144441189, 0.0009159068078814464, 0.0006194070371323161, 5.5876966097826967e-05, 0.0008190127795329339, 0.00025163290788411566, 6.953666170394045e-05, 0.00016254859763953976, 0.0007387242431803525, 0.0003763232540791442, -0.00019664740411347474, 0.0006488963295338233, 0.0003647324217979057], [-0.000867066165406243, 4.9004096585768084e-05, 0.003971520089571344, 0.0019666254457531857, 4.840583499164414e-05, 0.0004385242545242736, -0.00015697181103483464, -0.00021687585743973076, 0.0013527575878836437, 0.0008126857231996477, 0.0014441732930476475, 0.00017746694571439084, -3.8699389031509274e-05, 0.002034929997800474, 0.0013780119445994943, 0.0008398334924162503, 0.0005751059298760859, 0.00047902805958025327, 0.0006105646202101692, 0.0002948148107970781, 0.00040985242229537797, 0.0005752172860675385, 0.001009200062388961, 0.0003238720658134302, 0.0008516630457512546, 0.0013049901640875229, 0.0015963094456224968, 0.0012762364217527417, -2.7664851297489087e-05, 0.0018672996494633436, 0.0010552101740003042, 0.0008079401460606841, 0.0010056092675408282, 0.0008891997781282643, 0.00010402899554253345], [2.184102888404362e-05, 0.0005031080109858048, 0.0019666254457531857, 0.012851895394037713, 0.0020035571976298504, 0.0029289563758278145, 0.0012080571989422342, 0.0020527938095173835, 0.001434942755010334, 0.0018701687943501548, 0.0035674093205528574, 0.0009648244178165156, 0.0018126756836750384, 0.004671546860229398, 0.0007961865425800065, 0.0009479322894174391, 0.0008279035445589357, 0.00076175593732536, 0.0022493653045096494, 0.0021778422054159145, 0.0009266726556222925, 0.0013290860073800455, 0.001333417114511944, 0.00044618075152070663, 0.0012396278466678503, 0.0011689545644000443, 0.0014322173738272955, 7.50858508853902e-05, 0.002405242223516791, 0.0012479840403814984, 0.0028220778654286264, 0.0013029717260679898, 0.002935496239424238, 0.0009083013412515362, 0.001436110227148023], [0.00019063276960302856, 0.0004874721952109281, 4.840583499164414e-05, 0.0020035571976298504, 0.0029724630214773558, 0.0012980973528194007, 0.0005831869842987818, 0.0013230974224413047, 0.0002807810729526992, 0.0010704404556138463, 0.0008848760987045694, 0.0006418167447007898, 0.000839564444212038, 0.0012802621065202112, 0.00123039476857416, 0.0003386080945459486, 0.0007400358663253981, 0.00018971030461484685, 0.001849115785932214, 0.0009843759441805389, 0.0012439324303333795, 0.0004065477708978016, 0.0011723428097577735, 0.000550334345017361, 0.00044416500978332254, 0.0006533530525486808, 1.9792717994734572e-05, 0.00019102969362620075, 0.0012299858597632852, 0.0010083704964765393, 0.0014552986778971896, 0.0007838717596548034, 0.0009275358423095998, 0.0005432768322869343, 0.0013969873440421963], [0.00086752516069386, 0.0003546672534664609, 0.0004385242545242736, 0.0029289563758278145, 0.0012980973528194007, 0.007437699063262068, 0.0006588734756331448, 0.0017367720071810545, 0.00024518979109148343, 0.0009130448047409422, 0.0012062897899210404, -0.0007118151511468338, -0.0017320772296868503, 0.0015010273948946884, 0.0012739828928095805, 9.685766014549931e-05, 0.0011220691699317343, -0.0002985699805899569, 6.784625739453238e-06, 0.002000064706452296, 0.0005224221652004987, 0.001684773100025312, 0.0015261075379588136, 0.00029285741370592937, 0.0002961740515456225, 0.0021403870889388915, 0.0020441968519161976, 0.000413892172716758, 0.001306765685376898, 0.00017204117180056575, 0.0009775097662231577, 0.0016325486334313071, 0.0012728905599454629, 0.0016026913656882957, 0.0005476494677028171], [0.001245908270579397, 0.0009639135264974976, -0.00015697181103483464, 0.0012080571989422342, 0.0005831869842987818, 0.0006588734756331452, 0.0038074678848682535, 0.0006572034078618608, 7.859241560331941e-05, 0.000613234097982045, 0.0006732206352233742, 0.0005970665496893443, 1.660021937552666e-05, 0.0007644584739314667, 0.0006324987572624167, -0.0001735057262588985, 0.000628934053360429, 0.0006958662431272204, 0.00026732968673764165, 0.00116796210021476, 0.0006556951647346125, 0.0008772388303348612, 0.00028346857653843574, 0.0010328744811568381, 0.00018075031921157753, 0.0005093766656966323, -0.0006764162924522828, 0.0005163438250816789, 0.00044464018328042534, 0.0004676097553340462, 0.0002977528526958726, 0.0013587800491458412, 0.00015298817259885638, 0.000736490458915047, 0.0005807112679945085], [0.0008875235694350941, 0.0011193929206583296, -0.00021687585743973076, 0.0020527938095173835, 0.0013230974224413047, 0.0017367720071810545, 0.0006572034078618608, 0.006328584018065523, 0.0009738869758196776, 0.0021880908531469526, 0.0021714807266440045, 0.0019075622972136352, 0.0011419040379025906, 0.0025243234331243044, 0.00023427371216826, 0.0009855389091298443, 0.001310814572581413, 0.0006701357428416925, 0.0020589844871076704, 0.0012120663594629186, 0.0020180509647441773, 0.001400745529091662, 0.0023312752740347093, 9.819903008044393e-05, 0.0012773975904483994, 0.0015073074684309683, 0.00017783531122769273, 0.0004080105428526405, 0.0014464033786311518, 0.00047028696214214557, 0.0025696440375918435, 0.0025582653830278352, 0.0017363918061803012, 0.001294382234221657, 0.0013803532663520207], [-3.667523697774467e-05, 0.0006299396281782863, 0.0013527575878836437, 0.0014349427550103344, 0.0002807810729526992, 0.00024518979109148343, 7.859241560331941e-05, 0.0009738869758196773, 0.002420908056618384, 0.001370730865443131, 0.0011049958176833107, 0.000707933562070732, 0.00013027211086726347, 0.0015712956770701158, 0.00026289601769850253, 0.0013193624841188359, 0.0009454529305709529, 0.0001107143866449182, 0.0007827242382146146, 0.0003068411381338843, 0.0008466417146342693, 0.0004927374556016127, 0.0012861976153598124, 0.0003952301777093489, 0.0008548934937219959, 0.0009140101179873442, 0.0010257067004420938, 0.0005283625268821742, 0.0006092931678730856, 0.0003474480559222062, 0.0011657835788127097, 0.0006922458428395095, 0.0003943889721994208, 0.0006226190660986794, 0.00048427857487906524], [0.00034196902330269, 0.0010265185821456786, 0.0008126857231996477, 0.0018701687943501548, 0.0010704404556138463, 0.0009130448047409422, 0.000613234097982045, 0.0021880908531469526, 0.001370730865443131, 0.0024959932778469964, 0.0018358782302912212, 0.001099181791866106, 0.0008998770536618171, 0.0022100254223044514, 0.000985721006564089, 0.0011390070738174572, 0.0010592049533386739, 0.0009759840402488284, 0.0015053668752703715, 0.0007674101785171188, 0.001409403156268753, 0.0006450263361122635, 0.0016433508713868212, 0.0009411696229084272, 0.0013472720917570061, 0.0011900943842645042, 0.0012385787919568147, 0.00046614410550691054, 0.0012024924613232447, 0.0007726233899379105, 0.0021514224198134926, 0.0016056639107714726, 0.0013670390867687467, 0.000977208395670507, 0.0013284317732524295], [0.0015539145858459455, 0.0010401313763794605, 0.0014441732930476475, 0.0035674093205528574, 0.0008848760987045698, 0.0012062897899210404, 0.0006732206352233742, 0.0021714807266440045, 0.0011049958176833107, 0.0018358782302912212, 0.006175482045420476, 0.0009703959592810738, 0.0009731499907603433, 0.0026341954160792073, -0.0004688872963890055, 0.000921804621490929, 0.0014484175616350568, 0.0009432989594356547, 0.002215528239083479, 0.0006658484916876789, 0.0010575271761692402, 0.0014791053047016204, 0.001564490769691198, 0.0005426894104187993, 0.002000437544953594, 0.0013320474325900118, -0.0007532398351794325, 0.0005678809950038162, 0.001201568767603627, 0.002662357194362644, 0.0012587633517898292, 0.0011153189415023552, 0.00037666944834442305, 0.0014874028085279133, 0.0009085376918662636], [0.00013398268486768475, 0.0006391930873087399, 0.00017746694571439084, 0.0009648244178165156, 0.0006418167447007898, -0.0007118151511468338, 0.0005970665496893443, 0.0019075622972136352, 0.000707933562070732, 0.001099181791866106, 0.0009703959592810738, 0.003451731015280437, 0.0016137839521367199, 0.0011319507857343262, 0.00016718542410275162, 0.0006853541273142182, 0.0004212237335270223, -6.437731449980536e-05, 0.00117671442582112, 0.000594087554053823, 0.001673104635405126, 0.001152565895455463, 0.0013355966924509745, 0.0009150445159032609, 0.0006781850246346728, 0.0005315099013897802, -0.001228255318237891, 0.000595731460331438, 0.0007300676430052453, -0.00010754976895081835, 0.001053460365123829, 0.0005934476886420125, -3.1391405158769915e-05, 0.0009804496044465367, 0.0011986699963890796], [0.0008739514342855245, 0.00023078730806833046, -3.869938903151002e-05, 0.0018126756836750384, 0.000839564444212038, -0.0017320772296868503, 1.660021937552666e-05, 0.0011419040379025897, 0.00013027211086726309, 0.0008998770536618171, 0.0009731499907603433, 0.0016137839521367199, 0.0057667101633984775, 0.0010370036664443234, -0.0005047026934875436, 0.0007311908616736318, 0.0001680945204490782, 0.00041816582551212124, 0.002744478283518864, 0.0007287802926084337, 0.0022213889075314635, 0.00018214100700919452, 0.00024337443012760934, 0.0007006121374107402, 0.0004091511661395817, -0.0004010626056635355, -0.0005711798348492645, -