{"model.transmat_": [[0.48553698377630294, 0.5144630162236972], [0.6874953819327633, 0.3125046180672367]], "model.means_": [[0.03750871277005781, 0.032871053535874405, 0.045318138077895004, 0.06157951316842065, 0.03750515628909118, 0.03608153850598098, 0.031045920275451958, 0.04124708227145471, 0.03690476389321463, 0.03930403871423977, 0.04737995006872202, 0.039899415157070586, 0.04919176645099475, 0.07208760226936207, 0.04984861885792663, 0.037606563644095634, 0.028818948258959132, 0.04485142853289464, 0.051575657274495756, 0.04876446930771854, 0.04029908704845383, 0.057307635453564765, 0.04297808480869349, 0.03718827898998004, 0.04328280250993761, 0.04982631007884809, 0.08232575983717101, 0.0485153776557371, 0.026182069868424872, 0.04201509478873993, 0.05635479756271034, 0.042877855463104686, 0.06553361569474181, 0.04135515039294749, 0.04294376358470271], [-0.02278663540953247, -0.003914376855062078, -0.028675014660180256, -0.04779886888807517, -0.02206854777633086, -0.006125527050326673, -0.013128161257390712, -0.028586480408755735, -0.011961795786566235, -0.006072050390830317, -0.030382305865857485, -0.005810348019823682, -0.027717947120490142, -0.048137678826074205, -0.021623191472781238, -0.019845919578026866, -0.003608282180113472, -0.017578730495819074, -0.03952426476623211, -0.012922506752995392, -0.0006198355507123244, -0.016941976759689836, -0.008802334324281565, 0.003525748515574898, -0.03287393076593446, -0.020240823751112358, -0.04277689881840094, -0.02417842293215392, -0.004784813182381005, -0.011333889783885423, -0.037118149267917205, -0.02543364518891176, -0.0467540306104231, -0.02120556326243277, -0.015849328928558212]], "model.covars_": [[[0.009811049500321191, 0.0005151263546869897, -0.00021235162258198003, 0.0002521450235098884, 9.696016414077071e-05, 0.0011407626427007423, 0.0013948232447689936, 0.00027490957776792627, 0.00038544213997887246, 0.0004357703442447981, 0.0019949884377065312, -4.296860742223138e-05, 0.00035554364599036997, 0.0010574819694858062, -0.0013069281016344853, 0.0004697902744449417, 0.0009023499774588862, -0.0009454489032284106, 0.0012818244676806795, 0.00251840333583948, 0.0006383635620788937, 0.0004225774897083661, -0.00023692619921289953, 0.0003065013500688126, 0.000766511514095792, 0.0005308445120301011, 0.002044500452215575, 0.0010165756758388222, 0.0001604656522860202, 0.0015201072046238631, -0.00014567634456255052, 0.0010331955505111035, 0.0005375978332089874, 0.0009122847905771641, 0.0009420953977716971], [0.0005151263546869897, 0.0017775557522696967, 0.0001546254371348538, 0.0005975382786948786, 0.0003168822357941079, 0.0007207902241458181, 0.001066153462114716, 0.0009248753011625539, 0.0007966265914818969, 0.0009111754626881056, 0.000982277772962087, 0.0005952357423428589, 6.655230111444293e-05, 0.0005460571017339477, 4.1503878374895265e-05, 0.0005157327783278307, 0.0010983425018789611, 0.0006820887770330462, 0.00027534989498384255, 0.0005756017038257159, 0.0006579914803247651, 0.0010509560227186328, 0.0006661440604378069, 0.0006786626323481686, 0.0004852840297474921, 9.612402969959875e-05, 0.0010425668943311265, 0.00034282495983342724, 8.877403316156997e-05, 0.0002620069530824899, 0.0008568826978123778, 0.00039257030236815327, 7.313299566534105e-05, 0.0005696909942258994, 0.00015099948524057339], [-0.00021235162258198003, 0.0001546254371348538, 0.0034433682752539226, 0.0017057125087239916, 0.00017424559415906565, 0.0006528529496412102, -0.0005937883180327199, -0.00022236861026843065, 0.0008547227415234742, 0.0004063882072379682, 0.001173300620557865, -0.0003320042038176139, -7.818436403933021e-05, 0.0012658945679069758, 0.0008880827305055595, 0.0006265511517579513, 0.00042494025224990164, 0.0008078211031841828, 0.0006569978403642781, 0.0005040062798597936, 0.0004369644096006071, 0.0005960754831820434, 0.0007566628897311542, 0.00024224037447704338, 0.0007247077848958239, 0.0011718640424417948, 0.0015472238170055744, 0.0013773045401406898, -0.0005907602716479785, 0.0018558864778812382, 0.0010687765939015807, 0.0004636374478442441, 0.001005582945565687, 0.0004294738338359556, -8.969400315669288e-05], [0.0002521450235098884, 0.0005975382786948786, 0.0017057125087239916, 0.012467435308539556, 0.0019956921233741107, 0.0035037912177058603, 0.0012633423222386015, 0.0020474301968998747, 0.0011498135296983182, 0.0018132796628657427, 0.0036624295560967234, 0.0007513744731422519, 0.002010375138692836, 0.004069835976210363, 0.0005338072139671327, 0.0007414373004437014, 0.0010572069437870001, 0.0008168716193441923, 0.0020807865729616007, 0.001646899563860776, 0.001510538512854236, 0.0008316234995732045, 0.0012695078130572528, 0.0007488150634728114, 0.001268472738353736, 0.000847175038629514, 0.0009858640903918988, -0.00017687160218294229, 0.002435895191056386, 0.0015803837127600672, 0.0023952053740859086, 0.0008586146639328026, 0.0025697488240817882, 0.0007870082470139287, 0.0012879576452673486], [9.696016414077071e-05, 0.00031688223579410814, 0.00017424559415906565, 0.0019956921233741107, 0.0027510106021099434, 0.0012392670989543294, 0.0005223663906671428, 0.0007758934461518284, 0.0002758589499495796, 0.0008121275009476735, 0.0009664080139320728, 0.0005154189554899769, 0.0007809174047755453, 0.0011137141425822117, 0.0009820666484565946, 0.00026034652600769736, 0.0009440856734231739, -0.00013303030843417305, 0.0014850751860803525, 0.0006341884702407592, 0.0010094400745722923, 8.497376368480473e-05, 0.0010642442812428862, 0.0005372242773866462, 0.0004737451034026332, 0.0006388498576750094, -0.000268404816208515, 0.00010305121322096551, 0.001224796257847512, 0.0009558602182211563, 0.0012033807068082853, 0.0005006437000707896, 0.0006606862851164438, 0.00044783431894223534, 0.0011247217960758487], [0.0011407626427007423, 0.0007207902241458181, 0.0006528529496412102, 0.0035037912177058603, 0.0012392670989543294, 0.007099931725598418, 0.00045436749227109895, 0.0011981300871737755, 0.00019838977025722233, 0.000806617005144612, 0.0019293387093630625, -0.0006802433284198613, -0.001956680052555141, 0.0010809467980144075, 0.0008630763452197931, 5.562937855077129e-05, 0.0009233579457657246, -0.0002488713348412938, -0.0003181873725838334, 0.0019371181553746795, -9.85654294296242e-06, 0.001465199995929284, 0.001317345437534813, 0.0007793349678606406, 0.00024435082776616676, 0.0019861514473003983, 0.002141863892340226, 0.00025876118935779684, 0.0008163753783899695, 0.0002084237566742904, 0.0008253302211538009, 0.0010077266537812696, 0.0008355401768643145, 0.0012657493078217419, 0.00018798123931321455], [0.0013948232447689936, 0.001066153462114716, -0.0005937883180327199, 0.0012633423222386015, 0.0005223663906671428, 0.00045436749227109895, 0.003945173583736942, 0.0005643170855711654, -8.11157213043204e-05, 0.0002905451326586031, 0.0005336810019201848, 0.000395959917561725, -0.0001229658617547336, 0.00047448486535713616, 0.0002040505945531587, -0.00039441920273860316, 0.0005824554882124683, 0.0007223839591739102, 0.00017303706328130944, 0.0010711055613667317, 0.00024378730435477164, 0.0008304173782360274, -5.4455852953951995e-05, 0.0008505664288076315, -9.952080111906947e-05, 0.0003322922461137304, -0.000871660711970847, 0.0005475384393894236, 0.00038119648311275226, 0.0004471263741439958, 0.00024338937142159392, 0.001166208681603893, -5.709920486053034e-06, 0.0005013141020319289, 0.00030311312414222697], [0.00027490957776792627, 0.0009248753011625539, -0.00022236861026843065, 0.0020474301968998747, 0.0007758934461518284, 0.001198130087173775, 0.0005643170855711654, 0.004566942325345664, 0.0008577115077370784, 0.0017268054570458288, 0.0022938465277998485, 0.0014541466044204277, 0.0006014602061195322, 0.0017832132423363973, -0.0005675766882874566, 0.0007521446426331692, 0.0008233525402330978, 0.000207487800885801, 0.0011080791131226032, 3.2485104592769705e-05, 0.0007024623657619687, 0.0003716766460612711, 0.0017555895075257774, 2.9057893993145086e-05, 0.0012217526379580065, 0.0012734007073320298, -0.0004105127005169597, -0.00037951592695815897, 0.0011492763521190653, 0.0005675262156290242, 0.0019593668117604624, 0.0007615446568719961, 0.001218138057066191, 0.0009005989953598498, 0.0007422133926127124], [0.00038544213997887246, 0.0007966265914818969, 0.0008547227415234742, 0.0011498135296983182, 0.0002758589499495796, 0.00019838977025722233, -8.11157213043204e-05, 0.0008577115077370784, 0.0022115804326372323, 0.0011966980297450816, 0.000842305203062892, 0.0005500646949160703, 0.00014123878596767695, 0.0010546617109720906, -0.0002263026906479379, 0.0011483975349258968, 0.0007890654667152214, 0.00036754881404054167, 0.0007448326401083556, 0.00033183725530517585, 0.0007857087097411709, 0.0003117766468858141, 0.0011351086245654479, 0.0004419942964568707, 0.0008240340049536696, 0.0007765273185290734, 0.0010393812630383717, 0.00046469043909386004, 0.00028537717334927955, 0.0003999049773670924, 0.0011433946855801402, 0.0002554274499518184, 0.00023326008857373133, 0.00040883521807002794, 0.0003361879091829321], [0.0004357703442447981, 0.0009111754626881056, 0.0004063882072379682, 0.0018132796628657427, 0.0008121275009476735, 0.000806617005144612, 0.0002905451326586031, 0.0017268054570458288, 0.0011966980297450816, 0.0019988805263731887, 0.0018116375403512582, 0.0006886360246934346, 0.0006336871818190153, 0.001758873161583892, 0.0004068246388027039, 0.0009553668867798218, 0.0010751095083055345, 0.0008226108519093493, 0.0011491723787125643, 0.0005698824557170079, 0.000841302905821662, 0.00040480969373484085, 0.0013252429137539008, 0.0005499960561260498, 0.001016701252030301, 0.0011990343286369142, 0.0011087374102761623, 0.0003148762790649701, 0.0009547324026861232, 0.0005732233296393295, 0.0019342417746062675, 0.0010503242739668764, 0.0010987721865511734, 0.0006372117400148513, 0.0009029851219490947], [0.0019949884377065312, 0.000982277772962087, 0.001173300620557865, 0.0036624295560967234, 0.0009664080139320728, 0.0019293387093630625, 0.0005336810019201848, 0.0022938465277998485, 0.000842305203062892, 0.0018116375403512582, 0.007328896442514023, 0.0008849551895649834, 0.0014220233372601303, 0.002781972128635023, -0.0003383834792644849, 0.0007512851483079046, 0.0015224931042823282, 0.0013411747315447548, 0.0025397052869441917, 0.0008018824934436987, 0.0014943764981928966, 0.0012982539335438682, 0.0014700771236281654, 0.00041325073103458534, 0.0022809855257986183, 0.0014490428214869015, -0.00023183694031445322, 0.0005566947848751002, 0.000493806622960315, 0.003033480976824014, 0.0017417115377821577, 0.001581285123718775, 0.0006156674391586599, 0.0010571857689292807, 0.0007372305356324273], [-4.296860742223138e-05, 0.0005952357423428589, -0.0003320042038176139, 0.0007513744731422519, 0.0005154189554899769, -0.0006802433284198613, 0.000395959917561725, 0.0014541466044204277, 0.0005500646949160703, 0.0006886360246934346, 0.0008849551895649834, 0.0031851927080174753, 0.00148323659584521, 0.0005126570571607378, -0.00026329792791452333, 0.0005233672753697001, 0.0002426466420184831, -0.0003268798002717799, 0.0010180146669784482, -3.50099912862226e-05, 0.0013020811556225355, 0.0009473799325270803, 0.00081354991088643, 0.0007162709262841313, 0.00045285442675768777, 0.0001686143602142343, -0.0018054631968149935, 0.0005158774855612282, 0.0006306119881160339, -5.895963179143242e-05, 0.000954338286150143, 7.3157218942862515e-06, 2.007281133709355e-05, 0.0002841166659564591, 0.0008164761220705191], [0.00035554364599036997, 6.655230111444293e-05, -7.818436403933021e-05, 0.002010375138692836, 0.0007809174047755453, -0.001956680052555141, -0.0001229658617547336, 0.0006014602061195322, 0.00014123878596767695, 0.0006336871818190153, 0.0014220233372601303, 0.00148323659584521, 0.005878734599818731, 0.0007168160979479673, -0.0003485919508525573, 0.0005671520836579986, -8.776678223596635e-06, 0.00018982416782979791, 0.002793185529392413, 0.00027770739186846577, 0.0017707325152045152, -0.00018661349001280398, -0.00020079586327577783, 0.00044937513996608133, 0.00018930942358979854, -0.000616094276586858, -0.000866090943612068, -0.0002967494575008243, 0.0003059161895963038, 0.0013249211177741116, 0.0010577792495479698, -0.0004773961424989801, 0.0010810429295430883, -0.00046904425977500603, 0.0006399445432472759], [0.0010574819694858062, 0.0005460571017339477, 0.0012658945679069758, 0.004069835976210363, 0.0011137141425822117, 0.0010809467980144075, 0.00047448486535713616, 0.0017832132423363973, 0.0010546617109720906, 0.001758873161583892, 0.002781972128635023, 0.0005126570571607378, 0.0007168160979479673, 0.007027320930769732, 0.00045309656945235696, 0.0010327778902448914, 0.0006703330592860153, 0.002017808937291635, 0.0017416910825905044, 0.001013965682411929, 0.0005782466630871773, 0.0010519515414486576, 0.0025900420318245737, 0.0007342389949261143, 0.0016749953747774357, 0.0022441802926137, 0.0016942739306921833, 0.0011025467814677916, -4.991635266178825e-05, 0.0007536064354397113, 0.00202195190637328, 0.0017800323674788698, 0.0017154333697804542, 0.0011978726507840436, 0.001410307194458101], [-0.0013069281016344853, 4.1503878374895265e-05, 0.0008880827305055595, 0.0005338072139671327, 0.0009820666484565946, 0.0008630763452197939, 0.0002040505945531587, -0.0005675766882874566, -0.0002263026906479379, 0.0004068246388027039, -0.0003383834792644849, -0.00026329792791452333, -0.0003485919508525573, 0.00045309656945235696, 0.009292353749211583, -0.0006273960017710318, 0.0018038823974718305, 0.0009435469341157059, -0.00032771931014042677, 0.000203270005685675, -0.0006109917809476103, 3.610138195670624e-05, -0.00022736429684464644, -0.00019672711012286843, 0.0005043238863530134, 0.0009834857697885173, 0.00098056117972096, 0.0014308261041712036, 0.0015610450663756045, 0.0022942543938236104, 0.0010238540486812201, 0.0015062459440517205, 0.0012639213581345972, 0.0006615802984511211, 0.000440907049371612], [0.0004697902744449417, 0.0005157327783278307, 0.0006265511517579513, 0.0007414373004437014, 0.00026034652600769736, 5.562937855077129e-05, -0.00039441920273860316, 0.0007521446426331692, 0.0011483975349258968, 0.0009553668867798218, 0.0007512851483079046, 0.0005233672753697001, 0.0005671520836579986, 0.0010327778902448914, -0.0006273960017710318, 0.0015686223823087066, 0.0005304863115660768, -1.738747649656011e-05, 0.0003650084973141049, 0.00038092595909500665, 0.0007817564919294135, 5.882439081925312e-05, 0.0007459291452782917, 0.0004854029065799525, 0.0007951310766994475, 0.0006770053490424171, 0.0011992670936506148, 0.00012041224140964064, 0.00020827880561885066, 0.0003897328179287385, 0.001320515417301224, -0.0001075599288589118, 0.0009604531881069271, 0.00030112039021574865, 0.0004533260726934802], [0.0009023499774588862, 0.0010983425018789611, 0.00042494025224990164, 0.0010572069437870001, 0.0009440856734231739, 0.0009233579457657246, 0.0005824554882124683, 0.0008233525402330978, 0.0007890654667152214, 0.0010751095083055345, 0.0015224931042823282, 0.0002426466420184831, -8.776678223596635e-06, 0.0006703330592860153, 0.0018038823974718305, 0.0005304863115660768, 0.0032938822338266695, 0.0003830324806099812, 0.0011859818999510978, 0.0009356921548755339, 0.0009010695234535045, 0.000959212401351756, 0.0007657846472519454, 0.0007582529314690945, 0.0005911654148641289, 0.0006239836867894689, 0.0005318921658079809, 0.0007112564857915632, 0.0014297552246085778, 0.0014411236386526777, 0.0010371299222816615, 0.0011809224684523904, 0.0006140782948471151, 0.001086406714455316, 0.00047927112383654765], [-0.0009454489032284106, 0.0006820887770330462, 0.0008078211031841828, 0.0008168716193441923, -0.00013303030843417305, -0.0002488713348412938, 0.0007223839591739102, 0.000207487800885801, 0.00036754881404054167, 0.0008226108519093493, 0.0013411747315447548, -0.0003268798002717799, 0.0001898241678297975, 0.002017808937291635, 0.0009435469341157059, -1.738747649656011e-05, 0.0003830324806099808, 0.0057076456525713345, 0.0005383970638199188, 3.858252877163653e-05, 0.0002784194520279388, 0.0004129489145666578, 0.0009926150647943282, 0.0005268446766131378, 0.0006511219846031819, 0.001166725050968263, 0.0017953613750283654, 0.0006393435676034358, 8.670379551478351e-06, 0.0011196996775767896, 0.00134901850737688, 0.0013769028577365488, 0.000819551630670696, 0.00107279646123547, -0.0006311058084833063], [0.0012818244676806795, 0.00027534989498384255, 0.0006569978403642781, 0.0020807865729616007, 0.0014850751860803525, -0.0003181873725838334, 0.00017303706328130944, 0.0011080791131226032, 0.0007448326401083556, 0.0011491723787125643, 0.0025397052869441917, 0.0010180146669784482, 0.002793185529392413, 0.0017416910825905044, -0.00032771931014042714, 0.0003650084973141049, 0.0011859818999510978, 0.0005383970638199188, 0.0050168146148126015, 0.0009846254644663537, 0.0022407593341111517, -0.0003146750383816729, 0.0008326108346316117, 0.0015265321227825638, 0.0008071842841083928, 0.00026245122965421884, -0.0006632318268460517, 0.00029029437611770157, 0.0006306414090871951, 0.0026974745990525667, 0.0012865181511868085, 0.0011622358658693094, 0.0011216419517924004, 0.00035669027286960707, 0.001119002902783039], [0.00251840333583948, 0.0005756017038257159, 0.0005040062798597936, 0.001646899563860776, 0.0006341884702407592, 0.0019371181553746795, 0.0010711055613667317, 3.2485104592769705e-05, 0.00033183725530517585, 0.0005698824557170079, 0.0008018824934436987, -3.50099912862226e-05, 0.00027770739186846577, 0.001013965682411929, 0.00020327000568567415, 0.00038092595909500665, 0.0009356921548755339, 3.858252877163653e-05, 0.0009846254644663537, 0.0046903840000014005, 0.0006244713966015698, 0.00043666490894166116, 0.0007213768823105697, 0.0012509091488501268, 0.0008176814061842595, 0.0009144840044079499, 0.0023955844638045695, 0.0009148137429431062, 2.893314056118598e-07, 0.0004654948827917747, 0.0007304927429737456, 0.00022193580045403363, 0.0005341282491657119, 0.0001858362795263144, 0.0009477654096532864], [0.0006383635620788937, 0.0006579914803247653, 0.0004369644096006071, 0.001510538512854236, 0.0010094400745722923, -9.85654294296242e-06, 0.00024378730435477164, 0.0007024623657619687, 0.0007857087097411709, 0.000841302905821662, 0.0014943764981928966, 0.0013020811556225355, 0.0017707325152045152, 0.0005782466630871773, -0.0006109917809476103, 0.0007817564919294135, 0.0009010695234535045, 0.0002784194520279388, 0.0022407593341111517, 0.0006244713966015698, 0.0038361760177627493, 7.090691775162775e-05, 0.0005528647063838471, 0.001558121633055485, 0.000577333901023164, -0.0002434323931207294, -0.0009962056615199538, 0.0002416436737486372, -5.077679422960367e-05, 0.0010801467171996772, 0.0008768175674008028, 4.5937764470888696e-05, -0.00038202425617014034, 0.000225883075386509, 0.0002935891921268338], [0.0004225774897083661, 0.0010509560227186328, 0.0005960754831820429, 0.0008316234995732045, 8.497376368480473e-05, 0.001465199995929284, 0.0008304173782360274, 0.0003716766460612711, 0.0003117766468858141, 0.00040480969373484085, 0.0012982539335438682, 0.0009473799325270803, -0.00018661349001280398, 0.0010519515414486576, 3.610138195670624e-05, 5.882439081925312e-05, 0.000959212401351756, 0.0004129489145666578, -0.0003146750383816729, 0.00043666490894166116, 7.090691775162775e-05, 0.0037445195045568893, 0.0010514013446791914, 0.0002060562811260664, 0.0007523966194770753, 0.0006793396344930698, -0.00020477305211823142, 0.001310704506468064, 0.0005959319376739915, -0.0006015270660464107, 0.00022700776115983337, 0.0010489319572728284, -0.0008552136314352383, 0.001473509386654037, 2.496998720929407e-05], [-0.00023692619921289953, 0.0006661440604378073, 0.0007566628897311542, 0.0012695078130572528, 0.0010642442812428862, 0.001317345437534813, -5.4455852953951995e-05, 0.0017555895075257774, 0.0011351086245654483, 0.0013252429137539008, 0.0014700771236281654, 0.00081354991088643, -0.00020079586327577783, 0.0025900420318245737, -0.00022736429684464644, 0.0007459291452782917, 0.0007657846472519454, 0.0009926150647943282, 0.0008326108346316117, 0.0007213768823105697, 0.0005528647063838471, 0.0010514013446791914, 0.0029341842287070362, 0.00044463899540475604, 0.001121887489117123, 0.0018058600451936982, 0.0005031101465745244, 0.0008657358295156303, 0.00011650952460919631, 8.867976380379125e-05, 0.0017424548651278154, 0.000842962631706994, 0.00031556980590851524, 0.000863753321196226, 0.0008532808947247884], [0.0003065013500688126, 0.0006786626323481686, 0.00024224037447704338, 0.0007488150634728114, 0.0005372242773866462, 0.0007793349678606406, 0.0008505664288076315, 2.9057893993145086e-05, 0.0004419942964568707, 0.0005499960561260498, 0.00041325073103458534, 0.0007162709262841313, 0.00044937513996608133, 0.0007342389949261143, -0.00019672711012286843, 0.0004854029065799525, 0.0007582529314690945, 0.0005268446766131378, 0.0015265321227825638, 0.0012509091488501268, 0.001558121633055485, 0.0002060562811260664, 0.00044463899540475604, 0.0033527320195772025, 0.0003411663836827765, 0.00021786325466789045, 0.0013842490005511127, 0.00015886668257542394, 0.00043426840559499213, 0.0008257335982615469, 0.0005852582518884223, 0.0011520260730975766, 0.0006768762369534049, 0.00014774180794608724, 0.0004995493925198494], [0.000766511514095792, 0.0004852840297474921, 0.0007247077848958239, 0.001268472738353736, 0.0004737451034026332, 0.00024435082776616676, -9.952080111906947e-05, 0.0012217526379580065, 0.0008240340049536687, 0.001016701252030301, 0.0022809855257986183, 0.00045285442675768777, 0.00018930942358979854, 0.0016749953747774357, 0.0005043238863530134, 0.0007951310766994475, 0.0005911654148641289, 0.0006511219846031819, 0.0008071842841083928, 0.0008176814061842595, 0.000577333901023164, 0.0007523966194770753, 0.001121887489117123, 0.0003411663836827765, 0.003987968484448936, 0.0008442377204613119, -1.8552780989664454e-05, 0.0010123092525401755, 0.0004720116043684205, 0.0003042377220261557, 0.0013176117085097483, 0.0015678564737864188, 0.0006920121444613159, 0.0009503012365245907, 0.0003961226895618969], [0.0005308445120301011, 9.612402969959875e-05, 0.0011718640424417948, 0.000847175038629514, 0.0006388498576750094, 0.0019861514473003983, 0.0003322922461137304, 0.0012734007073320298, 0.0007765273185290734, 0.0011990343286369142, 0.0014490428214869015, 0.0001686143602142343, -0.000616094276586858, 0.0022441802926137, 0.0009834857697885173, 0.0006770053490424171, 0.0006239836867894689, 0.001166725050968263, 0.00026245122965421884, 0.0009144840044079499, -0.0002434323931207294, 0.0006793396344930698, 0.0018058600451936982, 0.00021786325466789045, 0.0008442377204613119, 0.003860747478178045, 0.0018758515557609245, 0.0011777142565620228, 0.000420630749595532, 0.000922762707914687, 0.001771007767512616, 0.0013547371636734593, 0.0013255363701851486, 0.001191810679923973, 0.0005296249729180146], [0.002044500452215575, 0.0010425668943311265, 0.0015472238170055744, 0.0009858640903918988, -0.000268404816208515, 0.002141863892340226, -0.000871660711970847, -0.0004105127005169597, 0.0010393812630383724, 0.0011087374102761623, -0.00023183694031445322, -0.0018054631968149935, -0.000866090943612068, 0.0016942739306921833, 0.00098056117972096, 0.0011992670936506148, 0.0005318921658079809, 0.0017953613750283654, -0.0006632318268460517, 0.0023955844638045695, -0.0009962056615199538, -0.00020477305211823142, 0.0005031101465745244, 0.0013842490005511127, -1.8552780989664454e-05, 0.0018758515557609245, 0.015010342708557138, 0.0006771774475232918, -0.00025503119156206555, -0.00022787732261331494, 0.002505441810755729, 0.0017778039532379568, 0.0034025517359389796, 0.0005669131699203237, 0.00024137045676086785], [0.0010165756758388222, 0.00034282495983342724, 0.0013773045401406898, -0.00017687160218294229, 0.00010305121322096551, 0.00025876118935779684, 0.0005475384393894236, -0.00037951592695815897, 0.00046469043909386004, 0.0003148762790649701, 0.0005566947848751002, 0.0005158774855612282, -0.0002967494575008243, 0.0011025467814677916, 0.0014308261041712036, 0.00012041224140964064, 0.0007112564857915632, 0.0006393435676034358, 0.00029029437611770157, 0.0009148137429431062, 0.0002416436737486372, 0.001310704506468064, 0.0008657358295156299, 0.00015886668257542394, 0.001012309252540176, 0.0011777142565620228, 0.0006771774475232918, 0.0027826863215052165, 0.00018675157964715284, 0.0006564680228201238, 0.0006493421097695845, 0.000920677035849651, 9.286093196456891e-05, 0.001080124516067973, 0.0002951735103437293], [0.0001604656522860202, 8.877403316157017e-05, -0.0005907602716479785, 0.002435895191056386, 0.0012247962578475118, 0.0008163753783899695, 0.00038119648311275226, 0.0011492763521190653, 0.00028537717334927955, 0.000954732402686123, 0.0004938066229603153, 0.0006306119881160339, 0.0003059161895963038, -4.991635266178825e-05, 0.0015610450663756045, 0.00020827880561885066, 0.0014297552246085778, 8.670379551478351e-06, 0.0006306414090871951, 2.893314056118598e-07, -5.077679422960367e-05, 0.0005959319376739915, 0.00011650952460919631, 0.00043426840559499213, 0.0004720116043684205, 0.000420630749595532, -0.0002550311915620651, 0.00018675157964715284, 0.005240523504320398, 0.0008366426187859561, 0.0009778470758899374, 0.000644720828013975, 0.0008153712017798611, 0.0012189886397754057, 0.0007367800212891081], [0.0015201072046238631, 0.0002620069530824899, 0.0018558864778812382, 0.0015803837127600672, 0.0009558602182211563, 0.0002084237566742904, 0.0004471263741439958, 0.0005675262156290242, 0.0003999049773670924, 0.0005732233296393295, 0.003033480976824013, -5.895963179143242e-05, 0.0013249211177741116, 0.0007536064354397113, 0.0022942543938236104, 0.0003897328179287385, 0.0014411236386526777, 0.0011196996775767896, 0.0026974745990525667, 0.0004654948827917747, 0.0010801467171996772, -0.0006015270660464107, 8.867976380379125e-05, 0.0008257335982615469, 0.0003042377220261557, 0.000922762707914687, -0.00022787732261331494, 0.0006564680228201238, 0.0008366426187859561, 0.009987966885578304, 0.0020125856861005053, 0.0012769753299278698, 0.0015418915373646004, 0.00013729339793478, 0.000925490467515687], [-0.00014567634456255093, 0.0008568826978123778, 0.0010687765939015807, 0.0023952053740859086, 0.0012033807068082853, 0.0008253302211538013, 0.00024338937142159392, 0.0019593668117604624, 0.0011433946855801402, 0.0019342417746062675, 0.0017417115377821577, 0.000954338286150143, 0.0010577792495479698, 0.00202195190637328, 0.0010238540486812201, 0.001320515417301224, 0.0010371299222816615, 0.00134901850737688, 0.0012865181511868085, 0.0007304927429737456, 0.0008768175674008023, 0.00022700776115983337, 0.0017424548651278154, 0.0005852582518884223, 0.0013176117085097483, 0.001771007767512616, 0.002505441810755729, 0.0006493421097695845, 0.0009778470758899374, 0.0020125856861005053, 0.004798384680253888, 0.001963660750541807, 0.0021056497783381984, 0.00040610307219100437, 0.0005429235165315561], [0.0010331955505111035, 0.00039257030236815327, 0.0004636374478442441, 0.0008586146639328026, 0.0005006437000707896, 0.0010077266537812696, 0.001166208681603893, 0.0007615446568719961, 0.0002554274499518184, 0.0010503242739668764, 0.001581285123718775, 7.3157218942862515e-06, -0.0004773961424989793, 0.0017800323674788698, 0.0015062459440517205, -0.0001075599288589118, 0.0011809224684523904, 0.0013769028577365488, 0.0011622358658693094, 0.00022193580045403363, 4.5937764470888696e-05, 0.0010489319572728284, 0.000842962631706994, 0.0011520260730975766, 0.0015678564737864188, 0.0013547371636734593, 0.0017778039532379568, 0.000920677035849651, 0.000644720828013975, 0.0012769753299278698, 0.001963660750541807, 0.005662335125447099, 0.0008671535763534821, 0.0017552200503234178, 0.0007655512201305588], [0.0005375978332089866, 7.313299566534105e-05, 0.001005582945565687, 0.0025697488240817882, 0.0006606862851164438, 0.0008355401768643145, -5.709920486053034e-06, 0.001218138057066191, 0.00023326008857373133, 0.0010987721865511734, 0.0006156674391586599, 2.007281133709355e-05, 0.0010810429295430883, 0.0017154333697804542, 0.0012639213581345972, 0.0009604531881069271, 0.0006140782948471151, 0.000819551630670696, 0.0011216419517924004, 0.0005341282491657119, -0.00038202425617014034, -0.0008552136314352383, 0.00031556980590851524, 0.0006768762369534049, 0.0006920121444613159, 0.0013255363701851486, 0.0034025517359389796, 9.286093196456891e-05, 0.0008153712017798611, 0.0015418915373646004, 0.0021056497783381984, 0.0008671535763534813, 0.0053119782378043805, 0.0003216848702520163, 0.0004812289019603663], [0.0009122847905771641, 0.0005696909942258994, 0.0004294738338359556, 0.0007870082470139287, 0.00044783431894223534, 0.0012657493078217419, 0.0005013141020319289, 0.0009005989953598498, 0.00040883521807002794, 0.0006372117400148513, 0.0010571857689292807, 0.0002841166659564591, -0.00046904425977500603, 0.0011978726507840436, 0.0006615802984511211, 0.00030112039021574865, 0.001086406714455316, 0.00107279646123547, 0.00035669027286960707, 0.0001858362795263144, 0.000225883075386509, 0.001473509386654037, 0.000863753321196226, 0.00014774180794608724, 0.0009503012365245907, 0.001191810679923973, 0.0005669131699203237, 0.001080124516067973, 0.0012189886397754057, 0.00013729339793478, 0.00040610307219100437, 0.0017552200503234178, 0.0003216848702520163, 0.004143984555040188, 0.00032065491808917665], [0.0009420953977716971, 0.00015099948524057339, -8.969400315669288e-05, 0.0012879576452673486, 0.0011247217960758487, 0.00018798123931321455, 0.00030311312414222697, 0.0007422133926127124, 0.0003361879091829321, 0.0009029851219490947, 0.0007372305356324273, 0.0008164761220705191, 0.0006399445432472759, 0.001410307194458101, 0.000440907049371612, 0.0004533260726934802, 0.00047927112383654765, -0.0006311058084833063, 0.001119002902783039, 0.0009477654096532864, 0.0002935891921268338, 2.4969987209294483e-05, 0.0008532808947247884, 0.0004995493925198494, 0.0003961226895618969, 0.0005296249729180146, 0.00024137045676086785, 0.0002951735103437293, 0.0007367800212891081, 0.000925490467515687, 0.0005429235165315561, 0.0007655512201305588, 0.0004812289019603663, 0.00032065491808917665, 0.002483588489231282]], [[0.006563826433919926, 0.001783021849203157, 0.0013439950991944256, 0.0026808481916140276, 0.0021526941493852764, 0.0017400723435022896, 0.0010195401030114438, 0.0013899748380498728, 0.0010716015169102626, 0.0012209961411402985, 0.0018589526992766618, 0.0011334702712361747, 0.0027700791206477747, 0.0029272208454216003, -2.2582159082626197e-05, 0.001441156062106018, 0.0017333914767994748, 0.001201080750136057, 0.0019059654274152004, 0.002243598977897504, 0.0013853832069045204, 0.0023197952806204678, 0.0017016579650702235, 0.0020148551660951995, 0.0024703455768144223, 0.0021644076505007792, 0.003433509286696513, 0.0021343142932824825, 0.0009744386422202325, 0.001550140122031648, 0.001210069115225817, 0.001022771088481954, 0.0018996105487920428, 0.002058285250573606, 0.0017695503993533427], [0.001783021849203157, 0.002515433548748245, 0.0005904908777846393, 0.0009029039527904275, 0.0006303418229626226, 0.0005313242447941314, 0.0009777067354688246, 0.0008277429535580639, 0.0008567555337167681, 0.00126365934306706, 0.001068242195369054, 0.0012980648946983352, 0.001097879372097026, 0.0009882274348718698, 0.0002146317518982972, 0.0014539143568927208, 0.0007067901689748257, 8.338311280955157e-05, 0.00014096312864786498, 0.0014341925499683833, 0.0012417068377791824, 0.0013281125944203014, 0.001473801438617727, 0.0015145168121916052, 0.0013249826783412438, 0.0007365233485178698, 0.0010504040987147877, 0.0005484509139792028, 0.0010334357764878125, 0.0009005122049171858, 2.8546620682444156e-05, 0.00045247742458821947, 0.0004899372269126218, 0.0008120767866595501, 0.0011597775451318842], [0.0013439950991944256, 0.0005904908777846393, 0.0035762355689075093, 0.001745899470741358, 0.0006983101160850989, 0.0014620662198579853, 0.0006426642940905277, 0.0007229072918354006, 0.0010707346890584829, 0.0007870930256405156, 0.0012119071193877951, 0.0014512275952350542, 0.0011827688156106745, 0.002412391417172483, -0.0006906052867270718, 0.000787600761922798, 0.0006346756167555638, 0.001660463939662436, 0.0005859453104458266, 0.0021316763941587433, 0.00018893040497075896, 0.0005200458326515201, 0.0006814752170600957, 0.00083209274325288, 0.0021084454447441595, 0.001308890877930712, 0.0018923831268291655, 0.0017758329735464882, 0.000568602544047355, 0.0002464008788073633, 0.0008633644777963125, 0.0006128515660705024, 0.0021086729452852145, 0.0011004184550346486, 0.001150603685640314], [0.0026808481916140276, 0.0009029039527904276, 0.001745899470741358, 0.008029498879610589, 0.0017689588788087865, 0.0011602161613506572, 0.0006745474612193994, 0.0023670098216770313, 0.001114161154906542, 0.0013107827170573193, 0.002248056138693191, 0.0007193456101160786, 0.001424147770421486, 0.0027615459143362333, -0.00014717041509266945, 0.0006248683582717374, 0.0007258704099068887, 0.0017499180656174028, 0.0012874518720368583, 0.004109346907860753, -0.00017024856003120258, 0.002603991113137793, 0.001229990601161405, 0.000699104055520819, 0.0015953759746435581, 0.0013125706917040292, 0.0029593660478239546, 0.0016006062989102016, 0.001965014661340536, 0.001290114108467431, 0.0003585421323808196, 0.0013915472865747667, 0.001511370586597026, 0.0020652205550395247, 0.001032441377326427], [0.0021526941493852764, 0.0006303418229626226, 0.0006983101160850989, 0.0017689588788087865, 0.0025711978292543105, 0.0013998326999088535, 0.0007371739142647886, 0.0020497828674534576, 0.0008119941323993171, 0.0010301510168707758, 0.0014867223579311773, 0.000958344182261971, 0.0010835401992669255, 0.0019126397504637047, -0.0004916776925694579, 0.00048096468241203943, 5.408722479067563e-05, 0.0012753285745834009, 0.0010331597360570242, 0.0016548332399631582, 0.00039431011798174843, 0.0017255897879014132, 0.0011203758064995686, 0.0005753153274502442, 0.0013460074727320846, 0.0014323893281106622, 0.002072083422738244, 0.0014272246675211793, 0.0006981348653849202, 0.0009526390545914291, 0.0008917908725264818, 0.0005197259769895358, 0.0013531515872686234, 0.001529971017197294, 0.0008148701997866097], [0.0017400723435022896, 0.0005313242447941314, 0.001462066219857985, 0.0011602161613506572, 0.0013998326999088535, 0.005279364803002553, 0.0012303992769866585, 0.001539733587418269, 0.001187209463763464, 0.0012700910277467351, 0.0006339505892329208, 0.0009215206026889207, 0.0007304653401120518, 0.0017102832243966863, -3.573159281558921e-05, 0.0009403124711790333, 0.001110993276696698, 0.0015093981158996312, 0.0014481026415700173, 0.0016803818623974125, 0.0012111776968006217, 0.002598213619048273, 0.00039574454582205044, 0.00034940495544066326, 0.0018374087756088044, 0.0019819246045819036, 0.003044177844225992, 0.001425478607877375, 0.0013747971898636587, 0.0014479395474450447, 0.0005430803836356864, 0.00046067188449507604, 0.0020931960386491636, 0.0018423297874157832, 0.0007620243460815791], [0.0010195401030114438, 0.0009777067354688246, 0.0006426642940905277, 0.0006745474612193994, 0.0007371739142647886, 0.0012303992769866585, 0.003455559153925602, 0.000842264327559398, 0.0011413105970078698, 0.0011398999943660428, 0.0017172955314654914, 0.0013334521587991535, 0.0005584381350568796, 0.0013275317400881987, 0.00148531737346612, 0.001343455043261259, 0.0013309242173876424, 0.0023936458303254675, 0.0008190567961279027, 0.0007914039465246261, 0.0014488074502385616, 0.0023835801508775923, 0.0012265243747849905, 0.0009312564786868425, 0.0017613232793343928, 0.001550717510482215, 0.0006522333941994453, 0.001319462053043383, 0.0018634417214553587, 0.0022446195319753646, -1.1271963734841062e-05, 0.0012110222371481331, 0.0009854901717259246, 0.0012909814679106465, 0.0015575171185740694], [0.0013899748380498728, 0.0008277429535580639, 0.0007229072918354006, 0.0023670098216770313, 0.0020497828674534576, 0.001539733587418269, 0.000842264327559398, 0.003952623837521771, 0.0011728098781077908, 0.0019498464434451264, 0.0021011917009838106, 0.0015526262514271546, 0.0009041102886113483, 0.0021439563872955535, -0.001669769811050157, 0.0007812059619906363, 0.0003597358111037568, 0.0011870882944928615, 0.0013800526012473354, 0.0018715106484918263, 0.0007955119780654245, 0.0019776604396142808, 0.0015791518791016242, 0.00045988008358300095, 0.0015089973835084155, 0.0015935360514830633, 0.0020089372885529087, 0.001362978787357706, 0.0009789737173379138, 0.0014261884475647297, 0.0011859529260634953, 0.0007100583376075278, 0.0017003906895284918, 0.001376416646481284, 0.0007129750103732909], [0.0010716015169102626, 0.0008567555337167681, 0.0010707346890584829, 0.001114161154906542, 0.0008119941323993171, 0.0011872094637634643, 0.0011413105970078698, 0.0011728098781077908, 0.001769355749602946, 0.0014183598283393913, 0.001035004191357437, 0.0009849279077437283, 0.0012037639312619457, 0.0015892170083426926, 0.00031830688431358115, 0.0015327831802443488, 0.0013474974951660885, 0.001243112011960689, 0.0014944779501055714, 0.0011016051762641106, 0.0008520779248910448, 0.0008322002938699424, 0.0014737923336815622, 0.0008378686609452599, 0.0012006334616842707, 0.0013647593774851466, 0.0014191594077861188, 0.0014898908279193138, 0.0013508298287159975, 0.00113962669860572, 0.0008577219221004223, 0.0006048057147864658, 0.0011699834274545764, 0.0009453200517947157, 0.0014601325741290861], [0.0012209961411402985, 0.00126365934306706, 0.0007870930256405156, 0.0013107827170573193, 0.0010301510168707758, 0.0012700910277467351, 0.0011398999943660428, 0.0019498464434451264, 0.0014183598283393913, 0.002590278051579064, 0.0018806589019216594, 0.0019264589805120045, 0.0009787422014631304, 0.0015546180364892602, 0.00018445996837641225, 0.0014553441609985484, 0.0008974148272404262, 0.0006791911560781789, 0.0014124606414255018, 0.00156104716087904, 0.0010981608883233894, 0.0015382080600843662, 0.001600819323094049, 0.0009981354124802108, 0.001402366664640286, 0.0017162992146690225, 0.001769821023371664, 0.0013638584464731795, 0.0013473906439145907, 0.0013254988080810875, 0.000680013212462034, 0.000898679900299716, 0.0013992261421721095, 0.0013496605287926138, 0.0015087259771809733], [0.0018589526992766614, 0.0010682421953690537, 0.0012119071193877951, 0.002248056138693191, 0.0014867223579311773, 0.0006339505892329208, 0.0017172955314654914, 0.0021011917009838106, 0.001035004191357437, 0.0018806589019216594, 0.00513940219989009, 0.0019547514436579856, 0.0008013991340451092, 0.002765300898087464, -1.1689362343921953e-05, 0.0007641373701994858, 0.0003875429585968436, 0.0011854178502358871, 0.0012729769823378821, 0.0011391421544960825, 0.0009174123877632788, 0.0024484433942621284, 0.001689500205021146, 0.0020639740036508506, 0.001291685328379119, 0.0016214993673665794, 0.001587160286146198, 0.001018858856397197, 0.0012090086738651045, 0.0017577499543763421, 0.00025529685365030937, 0.0008393956255720921, 0.0011516320109375964, 0.0002426299819025955, 0.0010680402057396785], [0.0011334702712361745, 0.0012980648946983352, 0.0014512275952350542, 0.0007193456101160786, 0.000958344182261971, 0.0009215206026889207, 0.0013334521587991537, 0.001552626251427155, 0.0009849279077437283, 0.0019264589805120045, 0.0019547514436579856, 0.004165807627711219, 0.0007590378716996227, 0.0010970746649787205, -0.0011873732495711446, 0.0008605160196139358, 0.00032543396380576943, 0.001463623689276984, 0.0004392624253581292, 0.0018148299433275636, 0.0012207245464744664, 0.0014829736033336771, 0.0014399217498847867, 0.0015033479588175318, 0.0021553886993045707, 0.0014374071157980616, 0.0006391373340931389, 0.0009924736612762495, 0.0005747471702963179, 0.0011085942846418909, 0.0012779346110817827, 0.0004741542134966507, 0.0018826612421025226, 0.0012205382428816954, 0.001025978158766467], [0.0027700791206477756, 0.001097879372097026, 0.0011827688156106745, 0.001424147770421486, 0.0010835401992669255, 0.000730465340112052, 0.0005584381350568794, 0.0009041102886113483, 0.0012037639312619457, 0.0009787422014631304, 0.0008013991340451092, 0.0007590378716996227, 0.004002422817510827, 0.0011536241924622157, -0.000554