{"data_info": {"amount_data_sets": 16, "time_frame": "2020-12-01 - 2021-12-01", "ordered_list_data_sets": ["MSFT", "BIDU", "ADBE", "PCAR", "NVDA", "SBUX", "INTU", "ADP", "AMZN", "EBAY", "AMGN", "QCOM", "ORLY", "INTC", "AAPL", "CMCSA"], "investor_base_currency": "USD", "dict_periods": {"0": "2020-12-01", "1": "2021-01-04", "2": "2021-02-01", "3": "2021-03-01", "4": "2021-04-01", "5": "2021-05-03", "6": "2021-06-01", "7": "2021-07-01", "8": "2021-08-02", "9": "2021-09-01", "10": "2021-10-01", "11": "2021-11-01", "12": "2021-12-01"}}, "data_ordered_returns": {"0": [0.06860080067216923, 0.04632599776202895, 0.07688677125005605, -0.017449060002251437, 0.06432446396280023, 0.14947074560893325, 0.12767840212375958, 0.08181592964201645, 0.07175950580466495, 0.05535826195947369, 0.022115253621542985, 0.22013390336371708, 0.027409051782721017, 0.1147098515519569, 0.12825227544359663, 0.2323671497584543], "1": [0.006845196799407871, 0.5457008412947386, 0.012918710216007545, -0.021447671534457258, -0.0206497386109038, 0.043311070633474946, 0.041701698335295134, -0.03269021583557552, -0.010387940672281326, 0.01939825811559781, 0.00701972631953085, -0.01824672748909162, 0.0009039597848135017, 0.0022195318805489084, 0.05451434159061286, -0.009996079968639826], "2": [0.10087739446001187, 0.1157287822878228, -0.03160670869905624, 0.07625118035882927, 0.009417775574789511, -0.04384093113482057, 0.005057842345977948, -0.015447443181818232, 0.04903299096537728, 0.13533980582524263, 0.060751786817259346, 0.0880808080808082, -0.03839460757318769, 0.14133279645661356, 0.03655049841588731, -0.007127301524450624], "3": [-0.011308157730023027, 0.2219603952209681, -0.0009148936170212396, 0.027856986181179932, 0.04568633376142617, 0.08409413674173272, 0.08787943680068544, 0.06702735196874055, -0.05885344373713686, 0.0001710278775439722, -0.05569188537204184, -0.1367124644139126, 0.033650982727814194, 0.10919033339213269, -0.04733860146115987, 0.08574277168494526], "4": [0.02283278467122485, -0.25671560998714393, 0.029324701322486435, -0.018032437046521577, -0.0021673560062852593, 0.02348647889959765, -0.027509165620924647, 0.0670422535211268, 0.004723248170774408, 0.07917236662106708, 0.0974718111346018, -0.012187253566564027, 0.1254127606763733, 0.026558524173027953, -0.03748337115580258, 0.005509641873278293], "5": [0.03924076748504235, -0.0671825216203914, 0.04162701204121322, -0.013473867217211777, 0.07421217441671035, 0.057963064545620835, 0.040761075829263804, 0.010876451953537591, 0.07133502056311292, -0.07859293297417214, -0.015210498856202515, -0.002612671456564186, 0.09282816746091149, -0.1129357087529047, 0.07756097560975594, 0.03324200913242015], "6": [-0.01770825061542125, -0.015223967990631415, -0.014996226115282174, 0.01839409626610844, 0.09623064350346278, -0.02056688558589692, 0.06641707589828383, 0.027420871200250607, -0.049561640518648975, 0.055374032674118556, -0.048088678783926864, -0.025394746416357528, -0.031191437220700724, -0.006461753405518689, -0.06232080881243396, 0.006717341347003858], "7": [0.09781729991915933, -0.0017837677138042851, 0.17910507955072497, -0.03969284014709051, 0.24270650803898053, 0.0006176107287805266, 0.11943190625997357, 0.015759239489604004, 0.06658692308887249, 0.1373635326706859, 0.05702543025943996, 0.05121696281917276, 0.07017576490281785, -0.0154684478818774, 0.10452204699066625, 0.014047410008779515], "8": [0.04867452135493355, -0.17298719348754088, 0.058180698784054075, -0.07534632278409747, -0.022857708292103762, 0.06137024953707804, 0.07424905814071892, 0.048245833541864735, -0.029563322720559726, -0.016762177650429866, -0.028797083839611215, 0.0572443181818183, 0.044753032778337865, -0.0415997143367256, 0.06010053179864494, 0.012467532467532516], "9": [0.05972192963977241, -0.008582918192185374, 0.07618585858585858, 0.006820950060901332, 0.13625316455696201, -0.024258536180111312, 0.06752478625997616, -0.012365719742181813, 0.04428062002473365, 0.10957307300014585, -0.06855998999124235, -0.016189708450893625, -0.014289754296075818, -0.00018628912071527726, 0.04803463441451328, 0.04566444330425856], "10": [-0.04217605937116908, -0.08233442305363847, -0.13278469416870653, -0.038833776917493235, -0.07570963860790525, -0.03856960408684551, -0.03402411521318338, -0.023494150633278643, -0.05626329405001429, -0.08194353250164166, -0.042220729796283885, -0.12113349265961071, 0.02008303236912301, 0.0035401527855412063, -0.0646514982624089, -0.06427870461236507], "11": [0.13929436181252153, 0.12363108589523675, 0.10862901968933447, 0.146507237256136, 0.24515475846109336, -0.02763018065887357, 0.11919774987591203, 0.09970297029702957, 0.01061445027198582, 0.09140323272779294, -0.019306282722513113, 0.04739336492891, 0.025296141883396128, -0.08002227998514677, 0.04423413950227828, -0.08652333508127952], "12": [0.0021556304460028652, -0.12617426021606382, 0.0268822243049045, -0.09485124602041939, 0.21713710458047797, -0.010382513661202242, 0.09047157569685127, 0.02129287836499505, 0.037855887839764124, -0.1243774574049803, -0.04285237618570947, 0.30279652844744454, 0.02744743678698791, -0.01917255297679099, 0.10613587540279279, -0.06084959816303104]}, "data_statistics_mean": {"0": [0.06993869941659447, 0.04900525133363076, 0.08063477572886091, -0.015456925355175177, 0.07181374353352599, 0.1426313141830562, 0.12587818453247868, 0.08094815549606016, 0.07468131690838731, 0.059667651249706855, 0.024465734557173824, 0.21057653337403637, 0.02853047473496728, 0.11078755145853181, 0.12432684895974533, 0.21396152264202672], "1": [0.0081234839774732, 0.454914808972411, 0.014667634346979708, -0.020349730974840274, -0.01921005644083018, 0.045391497946874804, 0.04294887301708983, -0.031476856976219714, -0.008624723754977137, 0.022759732268125554, 0.008210229318109552, -0.013101549402551703, 0.0018527645812479454, 0.0076018979508445375, 0.05650312467144025, -0.00847435059715751], "2": [0.09944783364758847, 0.13764038316952998, -0.028848401762110787, 0.08061593236125186, 0.01639238529693776, -0.0412343916824921, 0.008590205333684486, -0.014587306981976744, 0.051234417828457286, 0.1308285873346191, 0.060940944737832736, 0.08933139151300751, -0.03453997034634504, 0.14543514006163316, 0.04099028349199185, -0.0023727530781717516], "3": [-0.01014663411654637, 0.2222828252529696, 0.0016475509044255876, 0.03000479680185275, 0.05425934869053706, 0.08385040696370516, 0.0899359575220684, 0.06685000572270505, -0.058824486564689075, 0.004883823649903475, -0.05642790317215285, -0.1396297014816339, 0.035927566856925885, 0.10818537183657506, -0.04526203697234277, 0.0841294232249723], "4": [0.025753035601908114, -0.25182497136331494, 0.03469182834773066, -0.015139377804004317, 0.010595221459436366, 0.025140007659494753, -0.02212127572821465, 0.06783419297808724, 0.007882716385058885, 0.08315671299647964, 0.09499662227440009, -0.003797033700133068, 0.1199278511043148, 0.03256838939931472, -0.0336819411969439, 0.007381951683605892], "5": [0.04001672512175214, -0.06560680237171246, 0.04207717717869597, -0.011623189700169288, 0.07809659762187504, 0.058037114141125445, 0.041786937380984934, 0.013141028068152094, 0.07071861505710919, -0.07368204499430764, -0.011382118555941179, 0.0012503909141662328, 0.09012648745444218, -0.11553795595043725, 0.0766706132390047, 0.03435988489425268], "6": [-0.015982261334336667, -0.01035759823867699, -0.012676540215724397, 0.020467086366221854, 0.09823923335166795, -0.01962223469872304, 0.06728958394188556, 0.028196372592247165, -0.049016889601714686, 0.05756406889568144, -0.04812233622125528, -0.021766002445690047, -0.031017450332465946, -0.004727697080439408, -0.061961084326670246, 0.009587951650823268], "7": [0.09423695022315648, 0.0019076379909780394, 0.16731290183334468, -0.038976841447495914, 0.22179581684295316, 0.0012715105824570028, 0.11393539948077547, 0.016437145471539516, 0.06583705788800387, 0.13133259347785986, 0.05610653219991146, 0.05151196830742245, 0.06854582313010371, -0.013858505866264472, 0.10059085627403375, 0.015282011486276503], "8": [0.04838906354377315, -0.18070927141164775, 0.05721172639015593, -0.07673261084156535, -0.018159079161882086, 0.06193532540176139, 0.07240528369320931, 0.04782509586126138, -0.024846591876203084, -0.01266545556162735, -0.028672066396620233, 0.059000389694270676, 0.04506576797222139, -0.03962393443058054, 0.06041914934774395, 0.013110182356369848], "9": [0.05900136886865038, 0.0011506870188563445, 0.07431041544387762, 0.00809308924458052, 0.1334114875081761, -0.02386339020448791, 0.06627847089622951, -0.011263242178886303, 0.0444489257576961, 0.10896159897853919, -0.06766701546883924, -0.015221023272217193, -0.013553957254992421, 0.0006561395176316598, 0.04836372579197534, 0.045135093443350316], "10": [-0.0412386323983438, -0.08256320344032986, -0.1395531704782903, -0.03770474401086665, -0.07507508701248466, -0.037570904951271245, -0.032335269879091966, -0.02260308595709537, -0.056685417684188666, -0.08305065091499941, -0.04186326185528933, -0.1274935159730276, 0.021815752198760197, 0.004604227813633788, -0.06496052977022804, -0.061897037436109525], "11": [0.13257582692861736, 0.1247670942326824, 0.10543018957612094, 0.1395361082025155, 0.22575325599716223, -0.02485623594401376, 0.11534201184187809, 0.0961959929671803, 0.013073268804678295, 0.0952346275475976, -0.01816229345068765, 0.047894430376591135, 0.02700016618667722, -0.07434923839868146, 0.04474385339372977, -0.08693685683648956], "12": [0.0033106592518445943, -0.12824975038472552, 0.030181301525636806, -0.09744774249562227, 0.21429105305083426, -0.008158135406649447, 0.09756467700354032, 0.02253759874261907, 0.040566152344801654, -0.1292123278601358, -0.042198910618331364, 0.28019338622463663, 0.028210313408979837, -0.018016542736056573, 0.10321349536581047, -0.06112684634743904]}, "data_statistics_cov": {"0": [[0.0073765298634871825, 0.004227196105493378, 0.008617825254406207, -0.0004452095851350472, 0.0097146733045651, 0.0015828508080649448, 0.006923653810672982, 1.8652182733736895e-05, 0.008176630729769867, 0.0045763258426772336, 0.0018702433269401518, 0.00876651093962152, 0.0012294533099603475, 0.0026313439564585855, 0.005553562613825857, 0.001270464765792492], [0.004227196105493378, 0.007739775266855359, 0.003995193924089613, -0.0012154645346366955, 0.004092779049027905, 0.0021658962332847865, 0.0041743738636914225, 0.0004143532898904337, 0.004428338520805951, 6.406708375134239e-06, 0.004329435109124158, 0.005750639782661249, 0.0015972328441483106, 0.0016181883911749076, 0.004244042387167636, 0.001781653656840655], [0.008617825254406207, 0.003995193924089613, 0.013645323305584323, -0.0026990018980904023, 0.013114297801189154, 0.0003392523606276563, 0.008724195917142857, -0.0018908904395438825, 0.011552645026653978, 0.005430439262848348, 0.0020139646528742903, 0.007686152458353307, -0.0001342483146849546, 0.0025417231734716117, 0.006566030571466668, -0.0011867332745740821], [-0.0004452095851350472, -0.0012154645346366955, -0.0026990018980904023, 0.004503147801476818, -0.00199225737916132, 0.0013831428498378231, -0.0005781420813747164, 0.002041801957884789, -0.0020613398783222553, 0.002858876303371573, -0.0011288527438227133, 0.0022235238513262524, 0.0016943756135699836, 0.0003873066367388568, -0.0007295514325755706, 0.0022246279355480547], [0.0097146733045651, 0.004092779049027905, 0.013114297801189154, -0.00199225737916132, 0.01957629011059043, -0.00021797153133724896, 0.009041271978209794, -0.0009808333272360603, 0.012665745946101009, 0.007333014321784933, 8.980701213345536e-05, 0.010473074899926332, -0.00012072822516576379, 0.002158958874858541, 0.007307850798091036, -0.003730137903183879], [0.0015828508080649448, 0.0021658962332847865, 0.0003392523606276563, 0.0013831428498378231, -0.00021797153133724896, 0.006097242403715315, 0.00512737058689005, 0.0031727437507266575, -2.5873269664204413e-05, 0.0001905305953006756, 0.0013138596032570924, 0.0023042353718710257, 0.002093571456858579, 0.001897151638602464, 0.000496647726393919, 0.005081941830028758], [0.006923653810672982, 0.0041743738636914225, 0.008724195917142857, -0.0005781420813747164, 0.009041271978209794, 0.00512737058689005, 0.011253510800144063, 0.0010816634865267933, 0.0072621389950433355, 0.003823430714629329, 0.0023069040889007256, 0.007100632401116348, 0.0018715311773918834, 0.0027991769715027884, 0.005116129805494585, 0.0033051623425661507], [1.8652182733736895e-05, 0.0004143532898904337, -0.0018908904395438825, 0.002041801957884789, -0.0009808333272360603, 0.0031727437507266575, 0.0010816634865267933, 0.004565415681069245, -0.001599117506776531, 0.0014555059277933772, 0.0005051572657290622, -0.0005476737477833754, 0.0016320109677697, 0.0016314078183830953, -0.0005586804831066618, 0.0034382097979998114], [0.008176630729769867, 0.004428338520805951, 0.011552645026653978, -0.0020613398783222553, 0.012665745946101009, -2.5873269664204413e-05, 0.0072621389950433355, -0.001599117506776531, 0.011124688800626, 0.005047528184704916, 0.0019196382588656232, 0.008561054459459982, 0.00038268168601639067, 0.002525388032497055, 0.006494391434023702, -0.0011108075630835398], [0.0045763258426772336, 6.406708375134239e-06, 0.005430439262848348, 0.002858876303371573, 0.007333014321784933, 0.0001905305953006756, 0.003823430714629329, 0.0014555059277933772, 0.005047528184704916, 0.01199912749678886, -0.0022750588896554417, 0.0066491536910004865, 0.000696983119328599, 0.0017504888241781057, 0.0017430562825519996, -0.0009039229663663215], [0.0018702433269401518, 0.004329435109124158, 0.0020139646528742903, -0.0011288527438227133, 8.980701213345536e-05, 0.0013138596032570924, 0.0023069040889007256, 0.0005051572657290622, 0.0019196382588656232, -0.0022750588896554417, 0.005502478916381928, 0.0016947013285286815, 0.0012732866038173691, 0.0015081732833673671, 0.002295488981342934, 0.002451985675702688], [0.00876651093962152, 0.005750639782661249, 0.007686152458353307, 0.0022235238513262524, 0.010473074899926332, 0.0023042353718710257, 0.007100632401116348, -0.0005476737477833754, 0.008561054459459982, 0.0066491536910004865, 0.0016947013285286815, 0.023597545857219238, 0.0020914458871614827, 0.0034384562639208456, 0.009545068305602908, 0.0003015077762273077], [0.0012294533099603475, 0.0015972328441483106, -0.0001342483146849546, 0.0016943756135699836, -0.00012072822516576379, 0.002093571456858579, 0.0018715311773918834, 0.0016320109677697, 0.00038268168601639067, 0.000696983119328599, 0.0012732866038173691, 0.0020914458871614827, 0.003103504551688483, 0.0020080888191490627, 0.001758052263085329, 0.002368734215203808], [0.0026313439564585855, 0.0016181883911749076, 0.0025417231734716117, 0.0003873066367388568, 0.002158958874858541, 0.001897151638602464, 0.0027991769715027884, 0.0016314078183830953, 0.002525388032497055, 0.0017504888241781057, 0.0015081732833673671, 0.0034384562639208456, 0.0020080888191490627, 0.003989029161831856, 0.0024510005273330284, 0.0012331132277438807], [0.005553562613825857, 0.004244042387167636, 0.006566030571466668, -0.0007295514325755706, 0.007307850798091036, 0.000496647726393919, 0.005116129805494585, -0.0005586804831066618, 0.006494391434023702, 0.0017430562825519996, 0.002295488981342934, 0.009545068305602908, 0.001758052263085329, 0.0024510005273330284, 0.0069859134876625135, -0.0003462187870341837], [0.001270464765792492, 0.001781653656840655, -0.0011867332745740821, 0.0022246279355480547, -0.003730137903183879, 0.005081941830028758, 0.0033051623425661507, 0.0034382097979998114, -0.0011108075630835398, -0.0009039229663663215, 0.002451985675702688, 0.0003015077762273077, 0.002368734215203808, 0.0012331132277438807, -0.0003462187870341837, 0.008423416249208681]], "1": [[0.0027259925703709137, -0.0023660734419428124, 0.001846697306841464, -2.0206340721586015e-05, 0.00037452489070172716, 0.00018075696254667265, 0.0017918461295336836, 0.0012690619953264306, 0.0023279271531164276, -0.0002692667593456294, -0.00022314423783308194, 0.000180993604413412, -4.336000661961122e-05, 0.00018020529422856378, 0.0019017307837363093, 0.0010207353997606426], [-0.0023660734419428124, 0.033971721212655716, -0.003923355162273921, 0.005209631871318997, 0.0017395309893811334, 0.0021128075083552715, -0.005136428588517888, 0.0006026579744787461, -0.000793704033556475, 0.007208336373143492, 0.0006380584782964632, 0.0008155594196237062, 0.00035069930965134504, -0.0020368581026229413, 0.004039387129491935, -0.00028065838851660087], [0.001846697306841464, -0.003923355162273921, 0.003811131508386535, -0.0002813415981684236, 0.0009487850950634954, 0.0005807472950731533, 0.002995350002256756, 0.0018396863119834394, 0.0017709266388624505, -0.00033689099859120214, 0.00014293014564575765, 0.001780601491520322, -0.0006573875820263087, 0.00021932154367180836, 0.0008099532912873, 0.001516084678572136], [-2.0206340721586015e-05, 0.005209631871318997, -0.0002813415981684236, 0.002785665506397719, -0.000495845697494519, 5.728926951693651e-06, -0.0007160897439328473, 0.001736717301581263, -0.0004920132130588162, 0.001032439411234584, 0.0009447997200945664, 0.0014831098230712303, 0.0002175233028600689, -0.00019259271740513842, 0.0011629336622121366, 0.001241007497215463], [0.00037452489070172716, 0.0017395309893811334, 0.0009487850950634954, -0.000495845697494519, 0.003430542153527264, 0.0004947444514083621, 0.0004198270671537887, -0.00023558252025570483, 0.00039357873689092166, 0.0010723864186134803, 4.757627751960435e-05, 0.0010372209599566217, -0.0005781149269190786, 0.00020024778034002076, 0.0004671587698512008, -0.0002456181697270732], [0.00018075696254667265, 0.0021128075083552715, 0.0005807472950731533, 5.728926951693651e-06, 0.0004947444514083621, 0.006228578517808897, 0.0007008527225172774, 0.0015065085114178028, 0.001352369223088948, 0.00010681053420002176, 0.0011871259594497835, 0.004086895931389964, -0.00024031450585884425, 0.002501887590784102, 0.002329444928045203, 0.0014057130971294788], [0.0017918461295336836, -0.005136428588517888, 0.002995350002256756, -0.0007160897439328473, 0.0004198270671537887, 0.0007008527225172774, 0.004321205865475201, 0.0020594321408145865, 0.0013150338022785762, -0.0012661769975794563, 8.811950653977902e-05, 0.0016536325248239065, 0.0002648948563337916, 0.000937988729032793, 0.0007186261616469996, 0.0014950944106110237], [0.0012690619953264306, 0.0006026579744787461, 0.0018396863119834394, 0.001736717301581263, -0.00023558252025570483, 0.0015065085114178028, 0.0020594321408145865, 0.003592153703421343, 0.000704497341519176, -0.0005937266393085436, 0.0009744206509134835, 0.0017257982651315259, 0.00048792143601814275, -0.0002455646944137751, 0.0014484036567777923, 0.002398640814418417], [0.0023279271531164276, -0.000793704033556475, 0.0017709266388624505, -0.0004920132130588162, 0.00039357873689092166, 0.001352369223088948, 0.0013150338022785762, 0.000704497341519176, 0.0038275196346335507, 0.0010126139355218797, 0.00029899934356077064, 0.00036114967555647855, -0.0006037886874879748, 0.0016713078858455522, 0.0026665253499739494, 0.0013511090520474623], [-0.0002692667593456294, 0.007208336373143492, -0.00033689099859120214, 0.001032439411234584, 0.0010723864186134803, 0.00010681053420002176, -0.0012661769975794563, -0.0005937266393085436, 0.0010126139355218797, 0.007496032418859836, 7.779015170788783e-05, 0.0016530520185051463, -0.0002740740172390967, 0.0023593921853447093, 0.0014011829721709988, -0.0005630688338983088], [-0.00022314423783308194, 0.0006380584782964632, 0.00014293014564575765, 0.0009447997200945664, 4.757627751960435e-05, 0.0011871259594497835, 8.811950653977902e-05, 0.0009744206509134835, 0.00029899934356077064, 7.779015170788783e-05, 0.0025294144156796177, 0.0017807367732147563, -0.0006380849302665502, 0.002903381292860745, -0.000610269740972746, 0.00137633469929807], [0.000180993604413412, 0.0008155594196237062, 0.001780601491520322, 0.0014831098230712303, 0.0010372209599566217, 0.004086895931389964, 0.0016536325248239065, 0.0017257982651315259, 0.00036114967555647855, 0.0016530520185051463, 0.0017807367732147563, 0.010912952371493667, 0.00030241536703136705, 0.004150075085884126, 0.0015568315026179003, 0.0011014843645451434], [-4.336000661961122e-05, 0.00035069930965134504, -0.0006573875820263087, 0.0002175233028600689, -0.0005781149269190786, -0.00024031450585884425, 0.0002648948563337916, 0.00048792143601814275, -0.0006037886874879748, -0.0002740740172390967, -0.0006380849302665502, 0.00030241536703136705, 0.0019756808548945628, -0.00010268380353507429, -0.0005376303455713835, -2.022960974894142e-05], [0.00018020529422856378, -0.0020368581026229413, 0.00021932154367180836, -0.00019259271740513842, 0.00020024778034002076, 0.002501887590784102, 0.000937988729032793, -0.0002455646944137751, 0.0016713078858455522, 0.0023593921853447093, 0.002903381292860745, 0.004150075085884126, -0.00010268380353507429, 0.011159671843866351, -0.00011246703806338861, 0.0020921580860845147], [0.0019017307837363093, 0.004039387129491935, 0.0008099532912873, 0.0011629336622121366, 0.0004671587698512008, 0.002329444928045203, 0.0007186261616469996, 0.0014484036567777923, 0.0026665253499739494, 0.0014011829721709988, -0.000610269740972746, 0.0015568315026179003, -0.0005376303455713835, -0.00011246703806338861, 0.007132358377959128, 0.0014245652257979394], [0.0010207353997606426, -0.00028065838851660087, 0.001516084678572136, 0.001241007497215463, -0.0002456181697270732, 0.0014057130971294788, 0.0014950944106110237, 0.002398640814418417, 0.0013511090520474623, -0.0005630688338983088, 0.00137633469929807, 0.0011014843645451434, -2.022960974894142e-05, 0.0020921580860845147, 0.0014245652257979394, 0.0032652180351099023]], "2": [[0.006562230347162685, 0.006296206394232153, 0.005456416162265759, -0.0016400924276154334, 0.00560190973087351, 0.0025455452917609606, 0.0048470770003487705, 0.0018296990965481783, 0.004956839212434278, -0.0006472556431629422, 0.00044682951187759103, 0.00290776770615121, 0.0008915726853412394, 0.0011885637962530322, 0.005215379746800388, 0.004249100837416859], [0.006296206394232153, 0.06070769683743764, 0.010406972293561917, -0.004635895120033607, 0.003029801458305942, 0.007547478932779014, 0.009607917483313747, 0.005023194106752325, 0.008230312974678522, 0.006676962978963901, 0.004811627084722747, 0.008781487192606963, 0.005983292858595289, 0.0050133700847954515, 0.006787560056568406, 0.005090370178206328], [0.005456416162265759, 0.010406972293561917, 0.006804254640318987, -0.0008294933721880468, 0.0070880151995040075, 0.004224765781539167, 0.004467412744107391, 0.001425308114826219, 0.006069841867988025, 0.0004215660002716546, 0.0007928784959909302, 0.004263754250322813, 0.0026494456810913823, 0.0025536080572371844, 0.0056432142727583555, 0.0036144296419921324], [-0.0016400924276154334, -0.004635895120033607, -0.0008294933721880468, 0.015453616297059077, 0.002434689379319347, 0.0004201449471039797, -0.0028918850912431336, -0.0010777879637221823, 0.000863371916338332, 0.0025592330800654484, 0.0017842946910392942, 0.0002438600123804697, 0.0040028586699757856, 0.007076486496900726, 0.004307420149818619, -8.003379812260183e-06], [0.00560190973087351, 0.003029801458305942, 0.0070880151995040075, 0.002434689379319347, 0.014788028237106166, 0.0025814353929797815, 0.004454569373206127, 6.536190644078048e-05, 0.005935863703201436, -0.0018005757332794949, -0.0008341655465796616, 0.007066173092454153, 0.0031291739262237902, 0.007053907664789156, 0.00712448915962238, 0.002623256212010407], [0.0025455452917609606, 0.007547478932779014, 0.004224765781539167, 0.0004201449471039797, 0.0025814353929797815, 0.0073154813979494325, 0.004417679983782662, 0.00038606822384497494, 0.004667150013136272, 0.0021271775491196895, 0.0035391672758814186, 0.004514977650804776, 0.0052311335868762895, 0.0021195362528237637, 0.0019125945588544767, 0.004596950622426384], [0.0048470770003487705, 0.009607917483313747, 0.004467412744107391, -0.0028918850912431336, 0.004454569373206127, 0.004417679983782662, 0.007508681908974756, 0.001132048167476103, 0.003983309885892504, 0.0009619839888968778, 0.0018918179236660246, 0.005662143426369475, 0.0028135183187504038, 0.002494493690663902, 0.0020368737128290677, 0.004429475144929165], [0.0018296990965481783, 0.005023194106752325, 0.001425308114826219, -0.0010777879637221823, 6.536190644078048e-05, 0.00038606822384497494, 0.001132048167476103, 0.0020426259992807967, 0.0007363586251798669, 0.0012894096098416755, 3.592070507817234e-05, -0.00035749728622654477, 0.0008203274733493605, -0.003275627649281061, 0.0011253040811458964, 0.0011718176445206746], [0.004956839212434278, 0.008230312974678522, 0.006069841867988025, 0.000863371916338332, 0.005935863703201436, 0.004667150013136272, 0.003983309885892504, 0.0007363586251798669, 0.007046441595301243, 0.0013857939613524518, 0.0010180599695563289, 0.004342821006286975, 0.002824022474597233, 0.004423578822609756, 0.005691303681428692, 0.0024374623941989296], [-0.0006472556431629422, 0.006676962978963901, 0.0004215660002716546, 0.0025592330800654484, -0.0018005757332794949, 0.0021271775491196895, 0.0009619839888968778, 0.0012894096098416755, 0.0013857939613524518, 0.007379826510417068, 0.0016727627992730101, 0.0013278092642439784, 0.0038978850441293345, -0.0010989685662638666, 0.0015253820411366497, -0.0009234550159904401], [0.00044682951187759103, 0.004811627084722747, 0.0007928784959909302, 0.0017842946910392942, -0.0008341655465796616, 0.0035391672758814186, 0.0018918179236660246, 3.592070507817234e-05, 0.0010180599695563289, 0.0016727627992730101, 0.0039333711468754265, 0.0018566880752814358, 0.001982347628873338, -0.000115614330745526, 0.0018206840090298803, 0.0015872119795269674], [0.00290776770615121, 0.008781487192606963, 0.004263754250322813, 0.0002438600123804697, 0.007066173092454153, 0.004514977650804776, 0.005662143426369475, -0.00035749728622654477, 0.004342821006286975, 0.0013278092642439784, 0.0018566880752814358, 0.009926973477204578, 0.0032199702324231, 0.007608888142612987, 0.0029276516259569623, 0.003448179336590875], [0.0008915726853412394, 0.005983292858595289, 0.0026494456810913823, 0.0040028586699757856, 0.0031291739262237902, 0.0052311335868762895, 0.0028135183187504038, 0.0008203274733493605, 0.002824022474597233, 0.0038978850441293345, 0.001982347628873338, 0.0032199702324231, 0.009532370863010783, 0.005632064596857747, -3.0203365641924814e-05, 0.004534582245285799], [0.0011885637962530322, 0.0050133700847954515, 0.0025536080572371844, 0.007076486496900726, 0.007053907664789156, 0.0021195362528237637, 0.002494493690663902, -0.003275627649281061, 0.004423578822609756, -0.0010989685662638666, -0.000115614330745526, 0.007608888142612987, 0.005632064596857747, 0.02668794874138323, 0.0012359016771924115, 0.004976852619469626], [0.005215379746800388, 0.006787560056568406, 0.0056432142727583555, 0.004307420149818619, 0.00712448915962238, 0.0019125945588544767, 0.0020368737128290677, 0.0011253040811458964, 0.005691303681428692, 0.0015253820411366497, 0.0018206840090298803, 0.0029276516259569623, -3.0203365641924814e-05, 0.0012359016771924115, 0.010657060667112769, 0.0001378020117545172], [0.004249100837416859, 0.005090370178206328, 0.0036144296419921324, -8.003379812260183e-06, 0.002623256212010407, 0.004596950622426384, 0.004429475144929165, 0.0011718176445206746, 0.0024374623941989296, -0.0009234550159904401, 0.0015872119795269674, 0.003448179336590875, 0.004534582245285799, 0.004976852619469626, 0.0001378020117545172, 0.010199765047246965]], "3": [[0.002567728088611613, -0.00015441816578896613, 0.002295451465985006, 0.0016764343468224834, 0.0037668830723895184, 0.0012457272402650473, 0.0032965909525541834, 0.00027934737814377437, 0.0017552341231638702, 0.0017177705978111734, 3.5192232778136194e-05, 0.002880716675241464, 0.0003149891281539425, 0.0028700495161198764, 0.0026072487264601815, 0.00114301936714802], [-0.00015441816578896613, 0.045161814481278546, 0.0024162799953064908, 0.005915354871284333, 0.00798138615589993, -0.0025377649079954766, 0.004535855019294544, -0.0060448617764384165, -0.0016436010101721274, 0.004289190832929627, 0.0005959700465275642, 0.0024280805532618773, 0.0013449378942986159, 0.005923967535601069, 0.005713789742291185, 0.0012450893752178832], [0.002295451465985006, 0.0024162799953064908, 0.005389260245579508, 0.0020379863683179667, 0.006600968779044833, 0.00344898487846013, 0.007002103912164135, 0.0017376194661555889, 0.002729240858388285, 0.0023640080894639093, 0.00017720473822756044, 0.0031980070564739047, 0.0015411382905016128, 0.005400152601181813, 0.004241464154911186, 0.0028120305784412043], [0.0016764343468224834, 0.005915354871284333, 0.0020379863683179667, 0.0053581456915046686, 0.0018596600040274316, -0.0004817707987326315, 0.0028328588975452484, 0.00047243256498943773, -0.00022900263869775206, 0.0021456390626865478, 0.00024713296956913386, 0.0005720337923600878, 0.0009901551892936389, 0.0019032590605140608, 0.002922607513768439, 0.0012620781925359078], [0.0037668830723895184, 0.00798138615589993, 0.006600968779044833, 0.0018596600040274316, 0.019862370668555514, 0.00460821625760356, 0.01094466113993591, 0.0006713167437784041, 0.0026940561853057666, 0.004553092391848159, -0.00020719962049059945, 0.00724642626772353, 0.0025388677416804386, 0.009847408273298325, 0.005374440895455328, 0.0032948451338317406], [0.0012457272402650473, -0.0025377649079954766, 0.00344898487846013, -0.0004817707987326315, 0.00460821625760356, 0.0062799392418077206, 0.0035485327574095414, 0.0006229277730762357, 0.0019253105643773027, -0.00015494908195557558, -0.0010646542162215183, 0.0004572164339684525, 0.0014349178999231906, 0.002163535846802434, 0.0013118885659625067, 0.0007553127714416725], [0.0032965909525541834, 0.004535855019294544, 0.007002103912164135, 0.0028328588975452484, 0.01094466113993591, 0.0035485327574095414, 0.011560402244217461, 0.0029205976139195394, 0.003688127589037116, 0.004195696931620428, 0.00039702688236182274, 0.004491706346042765, 0.0022699223552007067, 0.008861375418279301, 0.006473439126293699, 0.004004009102498882], [0.00027934737814377437, -0.0060448617764384165, 0.0017376194661555889, 0.00047243256498943773, 0.0006713167437784041, 0.0006229277730762357, 0.0029205976139195394, 0.00395876846835037, 0.0013331203393317026, 0.0009835691195753788, 0.0003766542738721272, -0.00013440857054492915, 0.0018891640731420539, 0.0015968608387501412, 0.0016634232500528903, 0.0016043044055992542], [0.0017552341231638702, -0.0016436010101721274, 0.002729240858388285, -0.00022900263869775206, 0.0026940561853057666, 0.0019253105643773027, 0.003688127589037116, 0.0013331203393317026, 0.0036342009105281518, 0.0026962458288482785, 0.0009563659295365717, 0.0014131220643140727, 0.0019738135392031015, 0.0024419943515348033, 0.002930199622034597, 0.0021380401045375066], [0.0017177705978111734, 0.004289190832929627, 0.0023640080894639093, 0.0021456390626865478, 0.004553092391848159, -0.00015494908195557558, 0.004195696931620428, 0.0009835691195753788, 0.0026962458288482785, 0.010009019488285923, 0.0016390366258258683, -0.003292324179290178, 0.0017701561592915324, 0.0030308748243732552, 0.0052496256115355105, 0.002413980290209434], [3.5192232778136194e-05, 0.0005959700465275642, 0.00017720473822756044, 0.00024713296956913386, -0.00020719962049059945, -0.0010646542162215183, 0.00039702688236182274, 0.0003766542738721272, 0.0009563659295365717, 0.0016390366258258683, 0.001659757052586591, 0.00023294945488615019, 0.0006886847112652774, 0.0004246786217185224, 0.0012327149921977653, 0.0012317291929094293], [0.002880716675241464, 0.0024280805532618773, 0.0031980070564739047, 0.0005720337923600878, 0.00724642626772353, 0.0004572164339684525, 0.004491706346042765, -0.00013440857054492915, 0.0014131220643140727, -0.003292324179290178, 0.00023294945488615019, 0.013914099979764135, 0.00022514038495102259, 0.005795441037649317, 0.0020808305058257676, 0.0008170370436091555], [0.0003149891281539425, 0.0013449378942986159, 0.0015411382905016128, 0.0009901551892936389, 0.0025388677416804386, 0.0014349178999231906, 0.0022699223552007067, 0.0018891640731420539, 0.0019738135392031015, 0.0017701561592915324, 0.0006886847112652774, 0.00022514038495102259, 0.005829680006819585, 0.0012358410744549798, 0.0016995051501720972, 0.0007911434866107045], [0.0028700495161198764, 0.005923967535601069, 0.005400152601181813, 0.0019032590605140608, 0.009847408273298325, 0.002163535846802434, 0.008861375418279301, 0.0015968608387501412, 0.0024419943515348033, 0.0030308748243732552, 0.0004246786217185224, 0.005795441037649317, 0.0012358410744549798, 0.008971839724508162, 0.005739942055279776, 0.0028207840889536797], [0.0026072487264601815, 0.005713789742291185, 0.004241464154911186, 0.002922607513768439, 0.005374440895455328, 0.0013118885659625067, 0.006473439126293699, 0.0016634232500528903, 0.002930199622034597, 0.0052496256115355105, 0.0012327149921977653, 0.0020808305058257676, 0.0016995051501720972, 0.005739942055279776, 0.0067729955494966665, 0.0034555760506753855], [0.00114301936714802, 0.0012450893752178832, 0.0028120305784412043, 0.0012620781925359078, 0.0032948451338317406, 0.0007553127714416725, 0.004004009102498882, 0.0016043044055992542, 0.0021380401045375066, 0.002413980290209434, 0.0012317291929094293, 0.0008170370436091555, 0.0007911434866107045, 0.0028207840889536797, 0.0034555760506753855, 0.0035786310278211144]], "4": [[0.006636039261946453, 0.014972330124357785, 0.00766885633812344, -4.218104812175831e-05, 0.011086314561365822, 0.0017757855585364497, 0.00755469582986263, 0.002436625924689713, 0.005676283198179858, 0.006048224173046323, 0.0020621674118851277, 0.009346530809419865, -0.0004558833716348105, 0.007137943651755718, 0.006397318840753008, 0.001375469645039112], [0.014972330124357785, 0.08839338361718675, 0.022970301491968884, 0.004047495368053326, 0.0359428601057526, 0.004367503433598079, 0.02181801594152483, 0.0006085363835686259, 0.0165924766618026, 0.02116702384506118, 0.0032415521405008835, 0.027187641078728824, -0.006356264504611241, 0.01979480905077736, 0.017737692395811574, -0.0007789372102968414], [0.00766885633812344, 0.022970301491968884, 0.012059544918373927, 0.0017512556050510587, 0.016477130835684986, 0.0029153517646608655, 0.01030866793725501, 0.002589605101130049, 0.007316764574829086, 0.009770799907022575, 0.0025574290928204743, 0.013558106399931902, -0.0012701356203433363, 0.009214881846294081, 0.009085236296451613, 8.731648277620629e-05], [-4.218104812175831e-05, 0.004047495368053326, 0.0017512556050510587, 0.006339693295538176, 0.003822119316585429, 0.0014896936568546994, 0.0025836928481385558, 0.0031659854707299546, 0.0005580552541000686, 0.003330318654637591, 0.001662544704962778, 0.002937921410999451, 0.0017444296915687493, 0.0038700782113612353, 0.001888290773848734, 0.0002561176484635323], [0.011086314561365822, 0.0359428601057526, 0.016477130835684986, 0.003822119316585429, 0.026707947533697908, 0.004173486714602247, 0.016131825982000678, 0.004000951574686493, 0.011676650441400744, 0.014683148257631257, 0.0038960302916096184, 0.020241342843618438, -0.0019945551431325642, 0.014591260216447454, 0.014809707232809093, 0.0012686547672521955], [0.0017757855585364497, 0.004367503433598079, 0.0029153517646608655, 0.0014896936568546994, 0.004173486714602247, 0.0040082953843266645, 0.002122069958653238, 0.0018276344831913674, 0.0012189203356073562, 0.0030383119208695054, 0.0015912092274216764, 0.004373929639465671, 0.0010264347890414902, 0.0044139723869793855, 0.003080594381665982, 0.0018070329295753007], [0.00755469582986263, 0.02181801594152483, 0.01030866793725501, 0.0025836928481385558, 0.016131825982000678, 0.002122069958653238, 0.012039403561737268, 0.0025152588423870766, 0.007865326111822465, 0.008619835127687903, 0.0017918074154343023, 0.0126184426745922, -0.00041438991145486805, 0.008629597217267478, 0.008355081609680308, 0.0010945818840098578], [0.002436625924689713, 0.0006085363835686259, 0.002589605101130049, 0.0031659854707299546, 0.004000951574686493, 0.0018276344831913674, 0.0025152588423870766, 0.00602942520973495, 0.0012722084233418118, 0.004089050177160145, 0.003339854814342558, 0.003959868399515617, 0.0020946915466911516, 0.005712142219767191, 0.0031258811908812067, 0.0011195751877169314], [0.005676283198179858, 0.0165924766618026, 0.007316764574829086, 0.0005580552541000686, 0.011676650441400744, 0.0012189203356073562, 0.007865326111822465, 0.0012722084233418118, 0.0066238366484597695, 0.006561029280016354, 0.0014323145784390055, 0.008692716683095139, -0.0011142586780738457, 0.006360308486143121, 0.0061457987465530295, 0.0012019877070423956], [0.006048224173046323, 0.02116702384506118, 0.009770799907022575, 0.003330318654637591, 0.014683148257631257, 0.0030383119208695054, 0.008619835127687903, 0.004089050177160145, 0.006561029280016354, 0.014324656528063556, 0.003317267674464779, 0.013232600229082543, -0.000625121413482225, 0.010351782001583652, 0.007547158537298424, -0.0005387568618405965], [0.0020621674118851277, 0.0032415521405008835, 0.0025574290928204743, 0.001662544704962778, 0.0038960302916096184, 0.0015912092274216764, 0.0017918074154343023, 0.003339854814342558, 0.0014323145784390055, 0.003317267674464779, 0.0037797500634149475, 0.0041019777628211315, 0.0014419174783123895, 0.005369085903670269, 0.00282578769213501, 0.000824514945361286], [0.009346530809419865, 0.027187641078728824, 0.013558106399931902, 0.002937921410999451, 0.020241342843618438, 0.004373929639465671, 0.0126184426745922, 0.003959868399515617, 0.008692716683095139, 0.013232600229082543, 0.0041019777628211315, 0.017682092790642, -0.00045722404122672093, 0.01300572138314145, 0.011185774794218808, 0.0008501548632011198], [-0.0004558833716348105, -0.006356264504611241, -0.0012701356203433363, 0.0017444296915687493, -0.0019945551431325642, 0.0010264347890414902, -0.00041438991145486805, 0.0020946915466911516, -0.0011142586780738457, -0.000625121413482225, 0.0014419174783123895, -0.00045722404122672093, 0.003108350918255143, 0.0014529553502732185, -0.0008647912581616673, 0.0012512343323709569], [0.007137943651755718, 0.01979480905077736, 0.009214881846294081, 0.0038700782113612353, 0.014591260216447454, 0.0044139723869793855, 0.008629597217267478, 0.005712142219767191, 0.006360308486143121, 0.010351782001583652, 0.005369085903670269, 0.01300572138314145, 0.0014529553502732185, 0.013362348663471977, 0.00878752308463325, 0.0016803869548773637], [0.006397318840753008, 0.017737692395811574, 0.009085236296451613, 0.001888290773848734, 0.014809707232809093, 0.003080594381665982, 0.008355081609680308, 0.0031258811908812067, 0.0061457987465530295, 0.007547158537298424, 0.00282578769213501, 0.011185774794218808, -0.0008647912581616673, 0.00878752308463325, 0.00937678321570749, 0.001640511429085726], [0.001375469645039112, -0.0007789372102968414, 8.731648277620629e-05, 0.0002561176484635323, 0.0012686547672521955, 0.0018070329295753007, 0.0010945818840098578, 0.0011195751877169314, 0.0012019877070423956, -0.0005387568618405965, 0.000824514945361286, 0.0008501548632011198, 0.0012512343323709569, 0.0016803869548773637, 0.001640511429085726, 0.003947500959049305]], "5": [[0.0031294129305859627, 0.0011057519576379185, 0.0020778668851157193, 0.0018777685659389285, 0.0037122653938955275, 0.0018640768901909365, 0.0022384763698282363, 0.002413852354884665, 0.0017087752607954927, 0.0023852429031461712, 0.0032471607085738994, 0.002430687204561483, -7.40139537157518e-05, 0.0017598093124719994, 0.002538320306917587, 0.0003053996088884717], [0.0011057519576379185, 0.008033076772745593, 0.0008646227148676736, 2.82600453435193e-05, -0.0008466754164677914, 0.0011266981763427724, 0.0014908880520598429, 0.0003628416756495831, 0.00019799530729096198, 0.0004369726598219176, -0.001304304488253942, 0.0008073603438666958, -0.0010517081180384125, -0.0006106686587488382, 0.000743415439691657, 0.0004416168144802578], [0.0020778668851157193, 0.0008646227148676736, 0.002642574013693813, 0.001832625612103312, 0.004712358179870683, 0.00133978764063359, 0.0024456411