{"model.transmat_": [[0.30760861814822466, 0.6923913818517753], [0.4674988004202092, 0.5325011995797907]], "model.means_": [[-0.013175976656145453, -0.02293064720770541, -0.021109570979744988, -0.015648743640383246, -0.01049406004788377, -0.01862825037579233, -0.052101114750001024, -0.04558963215358339, -0.011537485597099382, -0.04445223291844235, -0.016385054341794738, -0.017196571085322115, -0.02298815602841498, -0.04461038830105075, -0.03394963394114888, -0.026138876255411413, -0.02091184935157991, -0.005813166626441387, -0.02635237819396995, -0.03823410527618884, -0.008320808761827498, 0.0006765247486086048, -0.03354897999396759, -0.013711701811992341, -0.02501068781531724, -0.02622997864540315, -0.046327514374194544, -0.012991583646953403, -0.038904600005590415, -0.022890599364445853, -0.032205290173476606, -0.007875649686450424, -0.011653748513444025, -0.018570132931332268, -0.03678041394020342], [0.04100921993927487, 0.05288264045498007, 0.04060664292641768, 0.05689851524005251, 0.030975725669515064, 0.055411968248597086, 0.06436963105160373, 0.07014263952853729, 0.03301539114776063, 0.056678209263818, 0.038600017972156536, 0.03151058285756403, 0.03455930391367604, 0.044110773533792516, 0.04615461454275521, 0.038768642853934394, 0.041357196325716626, 0.03300469157947911, 0.04430045137651291, 0.05415768419456481, 0.035492588323023815, 0.018705625400908928, 0.041531699059126466, 0.04473250575618828, 0.04787369238994473, 0.04942826457053727, 0.08862236896465663, 0.0449839909456296, 0.04834500413035785, 0.036489137762417245, 0.04619649751629813, 0.03814235544554807, 0.04048376559269766, 0.04306148008522872, 0.05392887643335208]], "model.covars_": [[[0.003912873864022074, 0.00160797278737179, 0.0012702740186385693, 0.002334429891192435, 0.0007998276193955634, 0.0016959271155541126, 0.0013703693317370239, 0.001276108367439479, 0.0007407812821210386, 0.0012351611716844844, 0.0013973476651986305, 0.0007930678545994701, 0.0010006065703808999, 0.0014975579555604412, 0.000413794322611069, 0.0012282931203304033, 0.000638348128218357, 0.0007006581720734319, 0.0006755687575754855, 0.000602705983302287, 0.0012588992216170148, 0.0009397976297841364, 0.001316553168137891, 0.00026289337819875556, 0.0016558782906153369, 0.0011908999254227675, 0.0027055618933016458, 0.0008993352087018338, 0.0009956528252170285, 0.0007879631105400086, 0.001824022808415809, 0.0008649921463108059, 0.001134633442756394, -8.895694092565413e-05, 0.00020016078554218532], [0.00160797278737179, 0.004328908345440071, 0.002202457090258245, 0.0025212755247412053, 0.0011357849827069067, 0.0018888433485393565, 0.002494140417896091, 0.003943707896371929, 0.0015879561213690868, 0.0017600847737288723, 0.0018945554492784695, 0.0018367339476750226, 0.00157731542729496, 0.001530472743165831, 0.0007903226362611763, 0.002410857205119626, 0.0020122607685365774, 0.0008646062406460764, 0.0014653679657565236, 0.0011608549694057905, 0.002520125587382406, 0.001894624097997451, 0.0017214892464579817, 0.0021318752241512614, 0.0019163055015684217, 0.0021106939767543314, 0.0029593202083981187, 0.0013675188235405436, 0.0021110109550321852, 0.0016999224442687541, 0.0022768898421429745, 0.0011487745573167192, 0.0020148171249670214, 0.0016573218088674485, 0.0005988584696516496], [0.0012702740186385693, 0.002202457090258245, 0.005675022043068008, 0.0022674369839052497, 0.00037339386517557774, 0.003235968077460716, 0.0022481484741594645, 0.0030178948808373073, 0.0021300549039209573, 0.002816442126032911, 0.0012750646743478855, 0.0018843195450315292, 0.0018843304540053936, 0.0015467023793433402, -0.0016080760761662644, 0.0028812480593664257, 0.0020226672323860866, 0.001164724602871046, 0.0014534811854885119, 0.000999598954738489, 0.0021759445685768414, 0.0017793560028485221, 0.0011297689499210736, 0.0015266565815948668, 0.001567372305330901, 0.002461937417497085, 0.0018834098876211111, 0.0006753158504883988, 0.001193123650316372, 0.001962339859007101, 0.002697237499041454, 0.001379481326092643, 0.0019694353650902604, 0.0005602199594903493, 0.00043811257391830995], [0.0023344298911924344, 0.0025212755247412053, 0.002267436983905249, 0.006791262965179224, 0.0007761645007936521, 0.002292611463329713, 0.0014021901382169136, 0.0030383987624962006, 0.0007732001571652709, 0.0024256970465335627, 0.002456219841688787, 0.0022682921504349725, 0.0017352112748348651, 0.001736001803723508, 0.0020347434356546472, 0.0019702390403999225, 0.0007490783073089623, 0.0012307584250117196, 0.001989418073978034, 0.000419583662243749, 0.0015500949870445666, 0.0022568044809192587, 0.0008936356618106188, 0.0013958211865579694, 0.0015112168657688489, 0.0009950630321965968, 0.0027228983850108262, 0.0008466775750873419, 0.0008425415848507618, 0.0010972199849219552, 0.0021671757689957463, 0.0010611335806683876, 0.0014835179393862395, 0.0004844172245634088, -0.0006604385787442972], [0.0007998276193955634, 0.0011357849827069064, 0.00037339386517557747, 0.000776164500793652, 0.004369706795501278, 0.0004472691066406658, 0.0008520278284884092, 0.0012802076471726323, 0.0009762007017171307, 0.0008887415121181362, 0.002001963331079652, 0.0012892190300883553, 2.411024240657463e-05, 0.0011485653829891593, -0.00012031175613570896, 0.0005919917010788734, 0.0018565393687093588, 0.0005507583794864321, 0.0018907140338394405, 0.0012033107352477693, 0.0012375303005352958, 0.0023174983881304677, 0.0007656110852383057, 0.0012744164481053358, 0.001925809445894165, 0.0011693160258405724, 0.0005878084564863005, 0.0013164805324838093, 0.002042429992320047, 0.0013875802128721008, 0.0014506768635076167, 0.0016763120131396737, 0.0005954222843572308, 0.0013360616032469642, 0.0007206211178605402], [0.0016959271155541126, 0.0018888433485393567, 0.003235968077460717, 0.002292611463329713, 0.0004472691066406658, 0.005394638484438703, 0.0022024757271068766, 0.0027874688796757797, 0.001426580753608486, 0.003919677769339155, 0.0011807428112302015, 0.0010607321299412505, 0.0017093884723131713, 0.001774296626325708, -0.0002735066315517788, 0.0023797099748338736, 0.001523314619444383, 0.0013697990510008785, 0.001014936332801277, 0.0013307761353245498, 0.0021064806705827143, 0.0018021747163606714, 0.0023240674305430352, 0.0014075451569368316, 0.0010639142839922306, 0.002328099737572602, 0.002151915742641642, 0.00048139204715104005, -0.00016816442859099063, 0.0012864455171580588, 0.00246474240812173, 0.0016377331213363363, 0.0023242711969127133, 0.000864438717222592, -0.0002419434070922773], [0.001370369331737023, 0.002494140417896091, 0.0022481484741594645, 0.0014021901382169136, 0.0008520278284884093, 0.0022024757271068766, 0.004263329118830959, 0.0030277849659234605, 0.0019154471198180065, 0.0021515315059795516, 0.0007467990184683062, 0.00131738131389634, 0.0012416435164975153, 0.001683800153776205, -0.0009263997487012009, 0.002751820930208936, 0.002240608931403439, 0.0008512630584275871, 0.0015502780673740959, 0.0016736809169649045, 0.0022571183761866307, 0.0004513322411106516, 0.0020043271105030843, 0.0019785311502552735, 0.0022349846087922425, 0.002162792953499909, 0.002234482229795624, 0.0013408371914948836, 0.0019335069275107605, 0.002009991881663093, 0.0025619056004769682, 0.0017122132660222422, 0.0028033063852807606, -0.0002986140011106128, 0.0016354206642115773], [0.001276108367439479, 0.003943707896371929, 0.0030178948808373073, 0.0030383987624962006, 0.0012802076471726323, 0.0027874688796757797, 0.0030277849659234605, 0.008447606351461053, 0.0026952689989699647, 0.0036706143828260083, 0.0027192424518933532, 0.002222712769755895, 0.002330364881172782, 0.002323293934962147, 0.0011140248050048622, 0.003764055115270962, 0.002246025208307973, 0.0015530278310339337, 0.0020289954597121776, 0.001425604982920723, 0.0028091301453563896, 0.0028057788857043125, 0.0024084529609036697, 0.002544763869458337, 0.0024474749382722635, 0.0028587555496032897, 0.0037034907648692867, 0.0011843146841019497, 0.0030209916116346073, 0.0027388780965413814, 0.0039311209211816385, 0.0017272951987502784, 0.0019978687364905377, 0.0006710842195186872, 0.001101124076216671], [0.0007407812821210386, 0.0015879561213690868, 0.0021300549039209573, 0.000773200157165271, 0.0009762007017171307, 0.001426580753608486, 0.0019154471198180065, 0.0026952689989699647, 0.0030379533948454397, 0.00198606640185834, 0.0007054913057628088, 0.001629423224232344, 0.000929283139555895, 0.0009778268528604626, -0.0007634514908670726, 0.0023286087796951837, 0.0017856796257542612, 0.0011359113533920206, 0.0008330974765808106, 0.0014069685958289768, 0.0020387485134563663, 0.0010908739074545054, 0.0009504813549718861, 0.0019976283765899706, 0.0016683466491971039, 0.0017538205204093594, 0.0011848625585116062, 0.0013854618456983236, 0.0021381966250284246, 0.0026539639993424027, 0.0018611175942364036, 0.0015904449012033586, 0.0017506209585445372, -0.0002883820978303868, 0.001342788255521697], [0.0012351611716844844, 0.0017600847737288723, 0.002816442126032911, 0.002425697046533563, 0.0008887415121181362, 0.003919677769339155, 0.0021515315059795516, 0.003670614382826008, 0.00198606640185834, 0.008215309476534535, 0.0011780283849365254, 0.0012238171482189984, 0.0018680225264625892, 0.001144762345879893, 0.0006444889536761666, 0.0032141396842779793, 0.0013592679205095956, 0.0009706929984142664, 0.00154688819522244, 0.0013960249550734574, 0.0018860043595329218, 0.0019094595936012119, 0.0016493469178327147, 0.0015110083798432607, 0.0020922300992032624, 0.001839398796783682, 0.0028683005354096765, 0.000507819404027258, 0.0019002694979908664, 0.0015109074760462566, 0.003172097571825677, 0.001379276043620307, 0.0011971501983341231, -7.532729943929106e-05, 0.0007082682742135353], [0.0013973476651986305, 0.0018945554492784697, 0.0012750646743478855, 0.002456219841688787, 0.002001963331079652, 0.0011807428112302015, 0.0007467990184683065, 0.0027192424518933532, 0.0007054913057628087, 0.0011780283849365258, 0.006889872444373205, 0.002148750143918075, 0.000604599615734927, 0.0006809796978140029, 0.0007577153810855824, 0.0019027717411527923, 0.002126182447798459, 0.0009800385639956873, 0.002544834239261483, 0.00040103911901017705, 0.001563908664879302, 0.0041233031726443615, 7.268194310167864e-05, 0.00103304922142659, 0.0015910692977811679, 0.0007733360958642369, 0.002083949382095101, 0.0007812737953977667, 0.0017508144509272552, 0.0011330409014954964, 0.0010926213530554655, 0.0012508375916875556, 0.0012829195329748997, 0.0023122313558794883, 0.0004386463656856091], [0.0007930678545994701, 0.0018367339476750228, 0.0018843195450315296, 0.0022682921504349725, 0.0012892190300883557, 0.0010607321299412502, 0.00131738131389634, 0.002222712769755895, 0.0016294232242323437, 0.0012238171482189984, 0.0021487501439180746, 0.003531271409010335, 0.0007296695355111602, 0.0012326418276694135, 0.0002637821939528735, 0.0017700771423902557, 0.0019213455493157366, 0.0009409679153090976, 0.0017235923041318407, 0.0003577484122464891, 0.0017275512725354986, 0.0020044370029210687, 0.0007014915923707451, 0.0015830286721220336, 0.0026503520957835676, 0.0014241489109221095, 0.0006284296428665829, 0.0015959718542366142, 0.001109431949789066, 0.0018579031084781522, 0.000993888612745632, 0.0013445892501126606, 0.001851473470885183, 0.0015281267098674282, 0.00010385265899794818], [0.0010006065703808999, 0.00157731542729496, 0.001884330454005394, 0.0017352112748348655, 2.411024240657463e-05, 0.0017093884723131713, 0.0012416435164975153, 0.002330364881172782, 0.000929283139555895, 0.0018680225264625892, 0.000604599615734927, 0.0007296695355111604, 0.0025676541849192357, 0.0012063068513351333, 0.0011880930370332492, 0.0021416177768835308, 0.0007148665103144953, 0.0005483634752443061, 0.0004863043644671573, 0.0009628214034131226, 0.0011795244608301526, 0.0006116621560047848, 0.0007970257481627428, 0.0011586758980827187, 0.0013963616534125253, 0.0015187552631808184, 0.0017982700937728233, 0.0003416350529492665, 0.0010930466077835853, 0.0005703294223819079, 0.002133811458758657, 0.0006410366580416663, 0.0010503316879096546, -0.00038773493685907283, 0.0006617664844447901], [0.001497557955560441, 0.0015304727431658305, 0.0015467023793433402, 0.001736001803723508, 0.0011485653829891595, 0.001774296626325708, 0.0016838001537762043, 0.002323293934962147, 0.0009778268528604626, 0.0011447623458798923, 0.0006809796978140032, 0.0012326418276694135, 0.0012063068513351331, 0.0038993488371144008, 0.0005853091420298637, 0.0014088232202835245, 0.001019133656854366, 0.0007170704330691286, 0.0006985363530823426, 0.0008730901702459344, 0.001347650334780184, 0.0016704977845593766, 0.0016905871177822288, 0.0008109631869448001, 0.0021224005741983347, 0.0017815191939578089, 0.0011892344187890735, 0.0007680215060162988, 0.0010719417457712437, 0.0010388170170603543, 0.0015325099665967341, 0.0005039243160870637, 0.0018635167079713536, -0.0011325524673018346, 0.000898888239977764], [0.000413794322611069, 0.0007903226362611763, -0.0016080760761662649, 0.0020347434356546472, -0.00012031175613570896, -0.0002735066315517789, -0.0009263997487012004, 0.0011140248050048633, -0.0007634514908670726, 0.0006444889536761666, 0.0007577153810855824, 0.0002637821939528735, 0.0011880930370332492, 0.0005853091420298637, 0.007743091663356589, -8.018682200109334e-05, -0.0007204375078164258, 3.496402934840188e-05, -2.891938969231741e-05, -0.000519794018773913, 0.0006538924550523958, 0.0005314296710354899, 0.0007756595596100554, 5.4239156372330795e-05, -0.00018708486879087836, 0.0002550348260947571, 0.000504152852384248, -0.0007341966410998752, 9.620252116843335e-05, -0.001262947077458417, -8.948170404733732e-05, -0.00015528256395239568, 5.524321945979885e-05, 0.001354237754882416, -0.000967183516482014], [0.0012282931203304033, 0.002410857205119626, 0.0028812480593664257, 0.0019702390403999225, 0.0005919917010788735, 0.002379709974833874, 0.002751820930208936, 0.003764055115270962, 0.0023286087796951837, 0.0032141396842779793, 0.0019027717411527923, 0.0017700771423902557, 0.0021416177768835308, 0.0014088232202835245, -8.018682200109334e-05, 0.005620222301340538, 0.0018274821112032966, 0.0012960119195973778, 0.0014912362399753987, 0.0013669613070963638, 0.003130795293210719, 0.0014224872042598658, 0.0010436522863780443, 0.0025837999533722196, 0.0020816073485450063, 0.001866695873419293, 0.002409921549745967, 0.0017631322430695794, 0.002102949320462386, 0.002208652602884198, 0.0025045249886689025, 0.0018522995299255585, 0.002772532680212227, -0.0015364675919934013, 0.0015082039010296546], [0.000638348128218357, 0.0020122607685365774, 0.0020226672323860866, 0.0007490783073089625, 0.0018565393687093588, 0.001523314619444383, 0.002240608931403439, 0.002246025208307973, 0.0017856796257542612, 0.0013592679205095956, 0.002126182447798459, 0.0019213455493157366, 0.0007148665103144953, 0.001019133656854366, -0.0007204375078164258, 0.0018274821112032966, 0.0044650746973670845, 0.0011808551578940305, 0.002065420843071394, 0.0014599131817093663, 0.0022908670279009704, 0.0021007679489028572, 0.0015144057221771442, 0.0021083117236941925, 0.0017954717637444497, 0.0015016771329873625, 0.0007903255013873054, 0.001904080252322484, 0.001985303377539215, 0.002150276604195846, 0.001959863319745752, 0.0023188528201530277, 0.0018801675630373733, 0.001648079841305956, 0.0011215974131673144], [0.0007006581720734319, 0.0008646062406460764, 0.001164724602871046, 0.0012307584250117196, 0.0005507583794864321, 0.0013697990510008785, 0.0008512630584275868, 0.0015530278310339337, 0.0011359113533920206, 0.0009706929984142664, 0.0009800385639956873, 0.0009409679153090974, 0.000548363475244306, 0.0007170704330691287, 3.496402934840188e-05, 0.0012960119195973778, 0.0011808551578940305, 0.002110724025546556, 0.0007330172554166303, 0.0005761526972064997, 0.001374873908049347, 0.0012492418659390628, 0.0005847764252225879, 0.001585673389135519, -5.2178378236720747e-05, 0.0005967270638857736, 0.0010179026015052425, 0.0009791232458532017, 0.00024207284504159618, 0.0015918829762741039, 0.0011492440287221503, 0.0011367026279053313, 0.0013057483567403075, 0.00042829269067792104, 0.0001084159973394023], [0.0006755687575754855, 0.0014653679657565236, 0.0014534811854885119, 0.001989418073978034, 0.0018907140338394405, 0.001014936332801277, 0.0015502780673740959, 0.0020289954597121776, 0.0008330974765808106, 0.00154688819522244, 0.002544834239261483, 0.0017235923041318407, 0.0004863043644671575, 0.0006985363530823428, -2.891938969231741e-05, 0.0014912362399753987, 0.002065420843071394, 0.0007330172554166303, 0.003631404550761099, 0.0007652451413327907, 0.0015293366946134536, 0.0019060937292235617, 0.0007521867403541319, 0.0014577558868032103, 0.0017185348194224872, 0.000903858144017119, 0.001449743114592397, 0.0014725641864657532, 0.0013101759245052159, 0.0016108487176267018, 0.0015940972260404924, 0.0014790962390692434, 0.0011631423362360642, 0.001593282311115998, 0.00017087453809339743], [0.000602705983302287, 0.0011608549694057905, 0.000999598954738489, 0.000419583662243749, 0.0012033107352477693, 0.0013307761353245498, 0.0016736809169649045, 0.001425604982920723, 0.0014069685958289768, 0.0013960249550734574, 0.00040103911901017705, 0.0003577484122464891, 0.0009628214034131226, 0.0008730901702459344, -0.000519794018773913, 0.0013669613070963638, 0.0014599131817093663, 0.0005761526972064997, 0.0007652451413327907, 0.0031464707149111803, 0.0010078732738917065, 0.0008493596224681849, 0.000626114232650087, 0.0013885859638093866, 0.0008901446561095452, 0.0010076962559682622, 0.0014122076289979954, 0.0006710972234819774, 0.0019396045433279616, 0.0013210804528357184, 0.0018336952615319881, 0.0010360781591571375, 0.0007514402069828691, -5.091150999282647e-06, 0.001293302856322343], [0.0012588992216170148, 0.002520125587382406, 0.0021759445685768423, 0.0015500949870445666, 0.0012375303005352958, 0.0021064806705827143, 0.002257118376186631, 0.0028091301453563896, 0.002038748513456366, 0.0018860043595329218, 0.001563908664879302, 0.0017275512725354986, 0.0011795244608301526, 0.001347650334780184, 0.0006538924550523958, 0.003130795293210719, 0.0022908670279009704, 0.001374873908049347, 0.0015293366946134536, 0.001007873273891707, 0.0036448579258388167, 0.0014265199086431332, 0.001435381288501236, 0.0024002104144602537, 0.0013684062922940186, 0.0018416017075041334, 0.0019323551829687749, 0.0018522259005481448, 0.0017492432996531464, 0.002397270169449769, 0.001671672020942626, 0.0020672339284643865, 0.0027832526447323196, 0.0007745829563018331, 0.0005246049388503472], [0.0009397976297841364, 0.001894624097997451, 0.0017793560028485221, 0.0022568044809192583, 0.0023174983881304677, 0.0018021747163606714, 0.0004513322411106516, 0.0028057788857043125, 0.0010908739074545054, 0.0019094595936012119, 0.0041233031726443615, 0.0020044370029210687, 0.000611662156004785, 0.0016704977845593764, 0.0005314296710354899, 0.0014224872042598658, 0.0021007679489028572, 0.0012492418659390628, 0.0019060937292235617, 0.000849359622468185, 0.0014265199086431332, 0.005408470412154912, 0.0006190068029669267, 0.0010952653123062035, 0.0014208611562635442, 0.0012141516390916892, 0.0017508972521778883, 0.0006298238922691693, 0.0014761388528830677, 0.0013443334144083627, 0.0011492924392469562, 0.0009079073695409468, 0.0007370888035300738, 0.001353153773298466, -0.00035123407135622574], [0.0013165531681378906, 0.001721489246457981, 0.0011297689499210734, 0.000893635661810619, 0.0007656110852383057, 0.0023240674305430352, 0.0020043271105030843, 0.0024084529609036697, 0.0009504813549718861, 0.001649346917832714, 7.268194310167877e-05, 0.0007014915923707453, 0.0007970257481627428, 0.0016905871177822294, 0.0007756595596100554, 0.001043652286378044, 0.0015144057221771442, 0.0005847764252225879, 0.0007521867403541322, 0.0006261142326500872, 0.001435381288501236, 0.0006190068029669269, 0.003956178364848224, 0.0010229028179735231, 0.0016296105121157494, 0.0020154702813000806, 0.0013426618660364305, 0.0004088386561633944, 0.00044575514946909573, 0.0011002747441470557, 0.0012780057365808363, 0.0013917134586165982, 0.0016412193993792003, 0.00020802757866467193, 0.00013873353058364144], [0.00026289337819875556, 0.002131875224151261, 0.0015266565815948668, 0.0013958211865579694, 0.0012744164481053358, 0.0014075451569368314, 0.0019785311502552735, 0.002544763869458337, 0.0019976283765899706, 0.0015110083798432611, 0.00103304922142659, 0.0015830286721220336, 0.0011586758980827187, 0.0008109631869448001, 5.4239156372330795e-05, 0.0025837999533722196, 0.0021083117236941925, 0.001585673389135519, 0.0014577558868032103, 0.0013885859638093866, 0.0024002104144602537, 0.001095265312306203, 0.0010229028179735231, 0.0038641076208868553, 0.0013350898887976297, 0.0016968151197854235, 0.0012218059111202726, 0.001975583292331743, 0.0016367436553943915, 0.00247930938022203, 0.001987444393678894, 0.0022159740679208416, 0.002156709794331068, 0.0007092124972998801, 0.0006945571179695519], [0.001655878290615337, 0.0019163055015684217, 0.001567372305330901, 0.0015112168657688489, 0.001925809445894165, 0.0010639142839922306, 0.0022349846087922434, 0.002447474938272264, 0.0016683466491971039, 0.0020922300992032624, 0.0015910692977811679, 0.0026503520957835676, 0.0013963616534125253, 0.0021224005741983343, -0.00018708486879087836, 0.0020816073485450063, 0.0017954717637444493, -5.217837823672107e-05, 0.0017185348194224872, 0.0008901446561095452, 0.0013684062922940186, 0.0014208611562635445, 0.0016296105121157494, 0.00133508988879763, 0.006258936562560976, 0.0023309869592729655, 0.0015428644796456298, 0.00163230266216105, 0.001797827830495791, 0.0013713143726670654, 0.0010467462782551404, 0.00145002641456208, 0.001999604550359202, -0.00030422926247058963, 0.0014707419324330568], [0.0011908999254227675, 0.0021106939767543314, 0.002461937417497085, 0.0009950630321965968, 0.0011693160258405724, 0.002328099737572602, 0.002162792953499909, 0.0028587555496032897, 0.0017538205204093594, 0.001839398796783682, 0.0007733360958642369, 0.0014241489109221095, 0.0015187552631808184, 0.0017815191939578089, 0.0002550348260947571, 0.001866695873419293, 0.0015016771329873625, 0.0005967270638857736, 0.000903858144017119, 0.0010076962559682622, 0.0018416017075041334, 0.0012141516390916894, 0.002015470281300081, 0.0016968151197854235, 0.0023309869592729655, 0.0035201478791237932, 0.002165310184827832, 0.0005991121778473658, 0.0013567826512351428, 0.001668756119125825, 0.0020696670523367394, 0.0008800184488033941, 0.0012911039423265532, 0.0008559899635309029, 0.00046116725660072554], [0.002705561893301645, 0.0029593202083981187, 0.0018834098876211111, 0.0027228983850108262, 0.0005878084564863005, 0.0021519157426416412, 0.002234482229795624, 0.0037034907648692867, 0.0011848625585116062, 0.0028683005354096765, 0.002083949382095102, 0.0006284296428665829, 0.0017982700937728233, 0.0011892344187890735, 0.000504152852384248, 0.002409921549745967, 0.0007903255013873056, 0.0010179026015052425, 0.001449743114592397, 0.0014122076289979954, 0.0019323551829687749, 0.0017508972521778883, 0.0013426618660364305, 0.0012218059111202726, 0.0015428644796456298, 0.002165310184827832, 0.00626781008054014, 0.00018127860450167782, 0.001728283619442856, 0.0011884965316066507, 0.0028847729758932654, 0.00033471732710783604, 0.000610632885448833, 0.0012281421456402397, 0.00032707818496933007], [0.0008993352087018338, 0.0013675188235405431, 0.0006753158504883988, 0.0008466775750873417, 0.0013164805324838093, 0.00048139204715104005, 0.0013408371914948836, 0.0011843146841019495, 0.0013854618456983236, 0.000507819404027258, 0.0007812737953977668, 0.0015959718542366142, 0.0003416350529492665, 0.0007680215060162988, -0.0007341966410998752, 0.0017631322430695794, 0.001904080252322484, 0.0009791232458532017, 0.0014725641864657532, 0.0006710972234819774, 0.0018522259005481448, 0.0006298238922691695, 0.0004088386561633944, 0.001975583292331743, 0.00163230266216105, 0.0005991121778473658, 0.00018127860450167782, 0.003647295360365471, 0.0011821902784118436, 0.0017187640103626203, 0.0012297884622607814, 0.002037415336112507, 0.0020673343663786124, -0.0018557677043143388, 0.0009628735505418812], [0.0009956528252170285, 0.002111010955032185, 0.0011931236503163723, 0.0008425415848507618, 0.002042429992320046, -0.00016816442859099077, 0.0019335069275107605, 0.0030209916116346065, 0.0021381966250284246, 0.0019002694979908669, 0.0017508144509272552, 0.001109431949789066, 0.0010930466077835853, 0.0010719417457712437, 9.62025211684336e-05, 0.002102949320462386, 0.001985303377539215, 0.00024207284504159624, 0.0013101759245052159, 0.0019396045433279616, 0.0017492432996531464, 0.0014761388528830677, 0.00044575514946909573, 0.0016367436553943913, 0.0017978278304957907, 0.0013567826512351428, 0.001728283619442856, 0.0011821902784118436, 0.004415909943518165, 0.001966453903761227, 0.002232814767915767, 0.0009204562196246032, 0.0009145971136469236, -0.0006114770681713436, 0.0017660262301859876], [0.0007879631105400086, 0.0016999224442687541, 0.001962339859007101, 0.0010972199849219554, 0.0013875802128721008, 0.0012864455171580588, 0.002009991881663093, 0.0027388780965413814, 0.0026539639993424027, 0.0015109074760462566, 0.0011330409014954964, 0.0018579031084781522, 0.000570329422381908, 0.0010388170170603538, -0.001262947077458417, 0.002208652602884198, 0.002150276604195846, 0.0015918829762741039, 0.0016108487176267016, 0.0013210804528357184, 0.002397270169449769, 0.001344333414408363, 0.0011002747441470557, 0.00247930938022203, 0.0013713143726670654, 0.001668756119125825, 0.0011884965316066507, 0.0017187640103626203, 0.001966453903761227, 0.003454184165070847, 0.0018558463395453506, 0.002096969129472515, 0.0018076159352959998, 0.000683863496885211, 0.0007792122952340036], [0.0018240228084158094, 0.0022768898421429745, 0.002697237499041454, 0.0021671757689957463, 0.001450676863507617, 0.00246474240812173, 0.0025619056004769682, 0.0039311209211816385, 0.0018611175942364036, 0.003172097571825677, 0.0010926213530554657, 0.000993888612745632, 0.002133811458758657, 0.0015325099665967341, -8.948170404733732e-05, 0.0025045249886689025, 0.001959863319745752, 0.0011492440287221503, 0.001594097226040492, 0.0018336952615319881, 0.001671672020942626, 0.0011492924392469562, 0.0012780057365808363, 0.001987444393678894, 0.0010467462782551402, 0.0020696670523367394, 0.0028847729758932654, 0.0012297884622607814, 0.002232814767915767, 0.0018558463395453506, 0.005270677201706866, 0.0015169335662829845, 0.001408216450635472, 6.112117636321751e-05, 0.0014871346849812958], [0.0008649921463108059, 0.0011487745573167192, 0.0013794813260926432, 0.0010611335806683876, 0.0016763120131396741, 0.0016377331213363363, 0.0017122132660222422, 0.0017272951987502786, 0.0015904449012033586, 0.0013792760436203077, 0.0012508375916875556, 0.0013445892501126606, 0.0006410366580416663, 0.0005039243160870637, -0.00015528256395239568, 0.0018522995299255585, 0.0023188528201530277, 0.0011367026279053313, 0.0014790962390692434, 0.0010360781591571375, 0.0020672339284643865, 0.0009079073695409468, 0.0013917134586165982, 0.0022159740679208416, 0.00145002641456208, 0.0008800184488033941, 0.00033471732710783604, 0.002037415336112507, 0.0009204562196246033, 0.0020969691294725154, 0.0015169335662829845, 0.004234239485791307, 0.002429076770995097, 0.0007908379734180334, 0.0010545338323973794], [0.001134633442756394, 0.0020148171249670214, 0.0019694353650902604, 0.0014835179393862395, 0.0005954222843572308, 0.0023242711969127133, 0.0028033063852807606, 0.0019978687364905377, 0.0017506209585445372, 0.0011971501983341233, 0.0012829195329748994, 0.001851473470885183, 0.0010503316879096546, 0.0018635167079713536, 5.524321945979885e-05, 0.002772532680212227, 0.0018801675630373733, 0.0013057483567403075, 0.0011631423362360642, 0.0007514402069828691, 0.0027832526447323196, 0.0007370888035300738, 0.0016412193993792003, 0.002156709794331068, 0.001999604550359202, 0.0012911039423265532, 0.000610632885448833, 0.0020673343663786124, 0.0009145971136469234, 0.0018076159352959998, 0.001408216450635472, 0.002429076770995097, 0.004869626377172927, -0.0009425823048306361, 0.00142246887273096], [-8.895694092565386e-05, 0.0016573218088674492, 0.0005602199594903493, 0.00048441722456340905, 0.0013360616032469642, 0.000864438717222592, -0.0002986140011106128, 0.0006710842195186866, -0.0002883820978303868, -7.53272994392912e-05, 0.0023122313558794883, 0.0015281267098674284, -0.00038773493685907294, -0.0011325524673018346, 0.0013542377548824162, -0.0015364675919934013, 0.0016480798413059568, 0.00042829269067792104, 0.001593282311115998, -5.0911509992829085e-06, 0.0007745829563018331, 0.001353153773298466, 0.00020802757866467193, 0.0007092124972998801, -0.00030422926247058963, 0.0008559899635309029, 0.0012281421456402397, -0.0018557677043143388, -0.0006114770681713436, 0.000683863496885211, 6.112117636321751e-05, 0.0007908379734180334, -0.0009425823048306361, 0.015574733763171577, -0.0018342915679820289], [0.00020016078554218518, 0.000598858469651649, 0.00043811257391830974, -0.0006604385787442972, 0.0007206211178605402, -0.00024194340709227742, 0.0016354206642115773, 0.001101124076216671, 0.001342788255521697, 0.0007082682742135351, 0.0004386463656856092, 0.00010385265899794818, 0.0006617664844447901, 0.000898888239977764, -0.000967183516482014, 0.0015082039010296546, 0.0011215974131673144, 0.00010841599733940227, 0.00017087453809339743, 0.001293302856322343, 0.0005246049388503472, -0.00035123407135622574, 0.00013873353058364117, 0.0006945571179695519, 0.0014707419324330563, 0.00046116725660072554, 0.00032707818496933007, 0.0009628735505418812, 0.0017660262301859876, 0.0007792122952340036, 0.0014871346849812958, 0.0010545338323973794, 0.00142246887273096, -0.0018342915679820289, 0.004073059857582854]], [[0.007174588172880277, 0.0020635578298552437, 0.001526824582815463, 0.0016130746448468065, 0.001069169675008723, 0.0019383145572739085, 0.0012385517859866521, 0.0014385448633916146, 0.0002412207378137642, 0.0028100441323838515, 0.00012891428063909187, 0.0006427013788789335, 0.0012420338908609343, 0.00026907373634874754, 0.0011710512911795564, 0.0016908783407786157, 0.0005251799886490164, 0.00035355986230521777, 0.0015371694352192373, -0.0016692930222146887, 0.0008882148190497794, 0.0012605200210775397, 0.00043687576776317783, 0.001462563638390618, -0.0002865628554834934, 0.0003886291082730736, 0.001983841369911011, 0.0004922701600325318, 1.0882508868733341e-06, 9.296082087588157e-05, 0.0008035817724056386, 0.0002923635558612856, -0.0006896206766731371, 0.0011319590431215908, 0.0009093070237943719], [0.0020635578298552437, 0.004097516076824174, 0.0014705717380960187, 0.0012730731694046754, 0.0007743774950940893, 0.0016602869820755391, 0.0014692650146492933, 0.002650748320171788, 0.0008871551335324996, 0.0011608350069465781, 0.0004955968745398384, 0.0004930241789970917, 0.0006367484193079232, 0.0006196735201135099, 0.0012657355684069836, 0.0014680468675040415, 0.0007604520253096694, 3.891741803231032e-05, 0.0018855133791103888, -0.0003907014262627041, 0.0011380449573856893, 0.00040274661344967023, 0.0012515942024119975, 0.0020705374943400284, 0.0011377393585529287, 0.0013806765529857693, 0.002259879064173577, 5.800046390735724e-05, 0.00044214986861526, 0.0008517570163962444, 0.0006161300615146395, 8.646937958375794e-05, 0.0004739001257958325, 0.0012733666464347967, 0.0016840958996052501], [0.001526824582815463, 0.0014705717380960187, 0.003921541554507503, 0.0016304960346518068, 0.0012312686195729788, 0.0008581146439601379, 0.0006185203287696469, 0.0018497306808602833, 0.0005984752299495206, 0.0009724755109729867, 0.00019151883768587507, 0.0006674715503304022, 0.0005525949461153391, 0.0010152252239318685, 0.0013927769985880793, 0.0012658330196981056, 0.0005685510431850305, 0.000535936299033776, 0.0024452036740307275, 5.482423122615855e-05, 0.0009164106515698898, 0.0008506703982151417, 0.0008463785370655543, 0.0012740088306376065, 0.0011834967243066238, 0.0012377328413404713, 0.001385197567849958, 0.0008713633967071977, 0.0006537388263414683, 0.0005255119983685298, 0.0009474754804221831, 0.00031148921043650565, 0.0008238241833960056, 0.001086665457331059, 0.0007992624144878589], [0.0016130746448468065, 0.0012730731694046754, 0.0016304960346518068, 0.004155823236795662, 0.0011718436229632436, 0.001355707505945163, -0.0003580988149389372, 0.0016927621985335006, 0.0004818076669865606, 0.0012512129790578615, -0.0008131187228593487, 0.0008862346650661771, 0.0003855433937341874, 0.0006792475844006049, 0.0014143485848377379, 0.001321213226987527, 0.0004943312104578058, 0.001012358279168249, 0.002193256562775888, 0.00021682438265106755, 0.0006151010226680362, 0.000693791516476359, 0.0005247505044337899, 0.001459144585384947, 0.000611671395517136, 0.001626843186708022, 0.00038446190117658887, 0.0007467649313685589, 0.0002803696038795301, 0.0003456467362092629, 0.0008179514153205883, 7.346286043495474e-05, 0.001187439979892448, 0.0008638217028691821, 0.00062957596337007], [0.001069169675008723, 0.0007743774950940893, 0.0012312686195729788, 0.0011718436229632436, 0.0033711653906075773, 0.0010142761464891482, 0.000515399013708681, 0.0009695150618514402, 0.0009193514934981419, 0.0008719840916859006, 0.0010214013608063545, 0.0006035905431622773, 0.000734098892832194, 0.0005176409401384042, 0.0013522649751491098, 0.0012737378944597333, 0.0005509703411780266, 0.0008819114139011981, 0.0017136365658828143, 0.00015688182241923289, 0.00099568153014956, 0.001622957488380315, 0.0005291139425551298, 0.0009714351566618566, 0.00010238330619527294, 0.0008514452664390009, 0.0004799755114168709, 0.0012268905307744268, 0.0010705338686387833, 0.0006475674861133112, 0.0008876013533434939, 0.0005127168644897761, 0.00034223347562376656, 0.00167236601452327, 0.0008788332892767951], [0.0019383145572739085, 0.0016602869820755391, 0.0008581146439601379, 0.001355707505945163, 0.0010142761464891482, 0.005774563381255634, 0.0007985354738122849, 0.0017783739278386039, 0.0003172468784583167, 0.002100633096587498, 4.890924928006634e-05, 0.0011794054311850242, 0.0009438998534477721, 0.0006607027995122782, 0.0006232031968319136, 0.0011783154894868995, 0.0014355955083197247, 0.0007084922880198602, 0.0013092742049731969, 0.0007361889276163949, 0.0007338932955629589, -3.262802223910252e-05, 0.00026377428455366816, 0.0013713695331750886, 0.0006165516848471475, 0.001272125708460854, 0.0031669542449613685, 0.001149114863666931, 0.0014635971218308343, 0.0005091688065583599, 0.0030008691981371484, 0.000957642530847976, 0.0006050586020941336, 0.0004935234986422182, 0.0011414487999472985], [0.0012385517859866521, 0.0014692650146492933, 0.0006185203287696469, -0.0003580988149389372, 0.000515399013708681, 0.0007985354738122849, 0.005521099803590809, 0.002450129770087061, 0.0003983532607514896, 0.002839956366191203, 0.0013692455314744559, 0.0001882442834710031, 0.0008920790165802705, 0.0009187495934234592, 0.0003464404730543324, 0.0016888678614236808, 0.0008089926863380965, -0.00015663643421664962, 0.0015517279328608154, 0.000887412472893184, 0.0013113138499332804, 0.0012542453849040897, 0.0009550321174230211, 0.000523485056549245, 0.0008799534355134688, 0.00028413809753962327, 0.0031123807742073073, -0.00020568373107677333, 0.001472275216675322, 0.0009304531572933125, 3.306361181278357e-05, 0.00024338138142508144, -2.15533121513411e-05, 0.0018688035624503444, 0.0023226719551871075], [0.0014385448633916146, 0.002650748320171788, 0.0018497306808602833, 0.0016927621985335006, 0.0009695150618514402, 0.0017783739278386039, 0.002450129770087061, 0.008095324902712257, 0.0015072860828044886, 0.004514586275830599, 0.000544476146670136, 0.0007154432548424069, 0.0012387236965303013, 0.0018140408563344836, 0.002530577036785428, 0.002431333394978405, 0.0017368859999147578, 0.0002803127824959097, 0.003252426617905219, 0.0009827759195598464, 0.002122679484627103, 0.0002791360315411526, 0.0019607944768304255, 0.003065112023643434, 0.002032136316851464, 0.00148281812300224, 0.0024667788366580425, 0.0010730444333612343, 0.0021403294257395823, 0.0014338765227767578, 0.0006015735638776235, 0.0005365700857944005, 0.0010565861779276993, 0.0012851636211392253, 0.0024726659201391], [0.0002412207378137642, 0.0008871551335324996, 0.0005984752299495206, 0.0004818076669865606, 0.0009193514934981419, 0.0003172468784583167, 0.0003983532607514896, 0.0015072860828044886, 0.0023384742186684164, 0.0013791760116685817, 0.00034691340411395206, 0.00010068426719894092, 0.0002679714333523772, 0.0008301784662877867, 0.0010564981660455544, 0.0009397891519125094, 0.0004642885631979407, 0.0006313991461098771, 0.0006556378404531185, 0.00014217203278216246, 0.0013172400697624774, 0.0005975255358949325, 0.0012921999700206833, 0.0012485740216027063, 0.00012005759837737516, 0.0005359094578126749, 0.001010778007603085, 0.0008136486140999366, 0.0007513752608946815, 0.0012685494968387753, -3.3370979605391814e-05, 0.00039186961247019304, 0.0007012186528740518, 0.00022402471293849757, 0.0011153948742195574], [0.0028100441323838515, 0.0011608350069465775, 0.0009724755109729867, 0.0012512129790578615, 0.0008719840916859006, 0.0021006330965874973, 0.002839956366191202, 0.004514586275830599, 0.0013791760116685817, 0.012414386480146294, 0.0011860707964754555, 0.0011388689924224664, 0.0019427071112190358, 0.001351429907899301, 0.0034147426151856165, 0.0019848474761176215, 0.00140290625930646, 0.0004374421366709524, 0.0012929047725201111, 0.0017241423639772718, 0.001788064885021119, 0.0023867115553625954, 0.0018891121822870128, 0.0013471506708504857, 0.0007531433789363107, 0.00012274072550393995, 0.001295929663220981, 0.0008842662492173905, 0.0021412282591678268, 0.0008945626707562921, 4.790271943323957e-06, 0.00037499334374812513, 0.0008671416786136404, 0.0008980318278543487, 0.0027180816719169915], [0.00012891428063909187, 0.0004955968745398384, 0.00019151883768587507, -0.0008131187228593487, 0.0010214013608063545, 4.890924928006634e-05, 0.0013692455314744559, 0.000544476146670136, 0.00034691340411395206, 0.0011860707964754555, 0.009234339136364527, 0.000518630775638293, 0.0009750119470393016, 0.00032032570342742215, 0.002518910114411362, 0.0003878530491853173, 0.0008852949339894337, 0.000231628097457059, 0.0006851047388400858, 0.0009284444513765121, 0.0007143908335910051, 0.0009017719726102684, 0.0017188521035690443, -2.4787275179283005e-06, 0.0009487835774022139, 0.0003459906044238503, -0.0004656478247632826, 0.0008579311611729901, 0.0024081688104675, 0.0002339109558068024, 0.0009832214298520034, 0.0008411057627911368, 2.308498592385463e-05, 0.0022367204182041907, 0.0018077779091559374], [0.0006427013788789335, 0.0004930241789970917, 0.0006674715503304022, 0.0008862346650661771, 0.0006035905431622773, 0.0011794054311850242, 0.0001882442834710031, 0.0007154432548424069, 0.00010068426719894092, 0.0011388689924224664, 0.000518630775638293, 0.0037458440448761665, 0.0005514679185707797, 0.0001281906421155846, 0.0006296947257309553, 0.0006233923272895312, 0.0005442781539545481, 0.001019708281298639, 0.0012774076223132764, 7.874236170469313e-05, 0.0005845515499311291, 0.00042408510613976884, -0.00018743395886466947, 0.0002779887981551504, 0.000700172828439279, 0.00056140527779589, -0.0005481937218927372, 0.0006381261493974227, 0.0002667965481168436, -0.0001609145277629475, 0.0012322933685114945, 0.0010493426460060921, 0.0006688072224361925, 0.0005141800637461444, 0.00028564515675355405], [0.0012420338908609343, 0.0006367484193079232, 0.0005525949461153391, 0.0003855433937341874, 0.000734098892832194, 0.0009438998534477721, 0.0008920790165802705, 0.0012387236965303013, 0.0002679714333523772, 0.0019427071112190358, 0.0009750119470393016, 0.0005514679185707797, 0.002865888500317204, 0.00047282806233455533, 0.0008444394238141109, 0.0012704882000982348, 0.0013502470482041793, 0.00045237575306956393, 0.0007735951185342529, 0.0008024089837584408, 0.0010245958664646285, 0.0012012053333871268, 4.241380636320635e-05, 0.001145851411947519, 0.00018700620947250448, 0.00019818909799817683, -8.06462003889145e-06, 0.001197