{"model.transmat_": [[1.0]], "model.means_": [[0.014236302449658733, 0.017180737089573517, 0.010925341487697079, 0.015452763332537693, 0.0111002974351962, 0.018920827519370027, 0.011655294004776984, 0.012309335825954684, 0.01485357783324874, 0.017632221121899484, 0.013500417710634777, 0.019230103269138325, 0.016494517307030672, 0.022964812498603465, 0.01793758390476299, 0.01228321035308909, 0.01407072286340429, 0.01816264781672282, 0.012778029832453405, 0.025229750473469908, 0.021350465133551853, 0.027324896912074733, 0.02090794346706014, 0.019383288032241725, 0.007943924252241205]], "model.covars_": [[[0.009432908045106573, 0.001639431429065734, 0.0013414442154235575, 0.003133583517055007, 0.001993134581090163, 0.0021684577838093494, 0.0019802967222561324, 0.002647608969067231, 0.00150545064928714, 0.0016176580854347568, 0.0022744333903196713, 0.0016118146449800056, 0.0029456263724472794, 0.00407294141878385, 0.00023175369627267283, 0.0020398695047923235, 0.001825309152529692, 0.0014948868481024264, 0.0032311509119394067, 0.004107106305915806, 0.00223363765690241, 0.002664480526896548, 0.0018608843864803882, 0.001732731499904416, 0.0026131252333114396], [0.0016394314290657341, 0.002273574134171014, 0.0008727734205308724, 0.001525830710427749, 0.000953995847770319, 0.0009260284797091053, 0.0013672375892679104, 0.0016896271988990584, 0.0011777495672961723, 0.0014793257409740814, 0.0012755854579050974, 0.0013810359639828214, 0.0011978666594442933, 0.0018070096399056522, 0.0006529584021181537, 0.001423904068106957, 0.001058707049807059, 0.0010797379253581637, 0.0010617981160629666, 0.0015951554452953126, 0.0013795908239502125, 0.0017044781359612242, 0.0015279235061304156, 0.0013877916455303598, 0.0013275576833397798], [0.0013414442154235575, 0.0008727734205308724, 0.005183645921450777, 0.0035479234290182095, 0.0013164288565797359, 0.0017009161534171208, 0.0009810606348991393, 0.0014162955467848187, 0.001883710903755581, 0.0017750924816691937, 0.00252983690105848, 0.0016082223035242922, 0.001809314662038704, 0.004164559550192538, 0.0018713248008883421, 0.0019264872403803128, 0.0013004365694000537, 0.0021689932622418716, 0.0020303735058550326, 0.00236905564730585, 0.0013662034158294486, 0.0019134686890038553, 0.0019622504063410177, 0.0015019327153271184, 0.002695258279703625], [0.003133583517055007, 0.001525830710427749, 0.0035479234290182095, 0.013095335575973702, 0.0032406508382259577, 0.0034143309809873644, 0.0022860057172909886, 0.003994085451362746, 0.002637632887473718, 0.002820991698236095, 0.004164685549042963, 0.0021979459003888696, 0.0037696753256068393, 0.00691980876951455, 0.001929369455294939, 0.0025189462356522193, 0.0018145862441532902, 0.0030019340012195517, 0.004096718707832597, 0.004573302409221282, 0.002069652301153951, 0.003424671427809327, 0.002764233889815596, 0.0018312242105534228, 0.003356834544095885], [0.0019931345810901627, 0.000953995847770319, 0.0013164288565797359, 0.0032406508382259577, 0.003467072572521693, 0.0018196530081982566, 0.0012240241533331786, 0.002450634688291959, 0.001079737724243498, 0.0016196611468665219, 0.002020736524131799, 0.0014321184870535074, 0.0020747565405570714, 0.003215023220574528, 0.0013582599935944436, 0.0011710292259919793, 0.0009440170035665266, 0.0016158759094390292, 0.002632262777077607, 0.0022078904706189094, 0.0015773979950039114, 0.0018669262849475125, 0.001886298671642134, 0.0011271170483665152, 0.0019277768248705163], [0.0021684577838093494, 0.0009260284797091053, 0.0017009161534171208, 0.0034143309809873644, 0.0018196530081982566, 0.00647700628205394, 0.001264365950682105, 0.0022746433278339286, 0.0009508778109028777, 0.0015356605588445998, 0.001833530608856255, 0.000659281242331273, 0.0003888230770037005, 0.0028096626329704656, 0.0013637309145588168, 0.001076285735870667, 0.0014250468826971041, 0.0013819725041310676, 0.0014711819063075065, 0.0027313358812035373, 0.0013398462753426322, 0.0027794279682080824, 0.0016612917841043985, 0.0010509764921069246, 0.0018537779286461353], [0.0019802967222561324, 0.0013672375892679104, 0.0009810606348991393, 0.0022860057172909886, 0.0012240241533331786, 0.001264365950682105, 0.004154313352015105, 0.0017773113766266506, 0.0011709480871521345, 0.0014888729333137779, 0.0013457432575253684, 0.0016872014095759985, 0.0012022076660616688, 0.0026141212503075486, 0.0015754598021100478, 0.0012835119944373645, 0.0012939022109497754, 0.0022754520743890074, 0.0015595441803651982, 0.0019249189029158747, 0.0016335365843931481, 0.0022259561912321285, 0.0014204433943049326, 0.0016340098235081274, 0.0015449740100272802], [0.002647608969067231, 0.0016896271988990584, 0.0014162955467848187, 0.003994085451362746, 0.002450634688291959, 0.002274643327833928, 0.0017773113766266506, 0.006857026198281102, 0.00212730244397688, 0.0031390156073047683, 0.002389843951713175, 0.002932731600582743, 0.002567401616486569, 0.004711592434277953, 0.00035759236838213356, 0.002311508600907242, 0.0015688706686820607, 0.002297924002252283, 0.0033114647880774866, 0.002751588684318428, 0.0026903164794564167, 0.002645915841205119, 0.003229284030162144, 0.0014475590542456012, 0.0026403864018395827], [0.00150545064928714, 0.0011777495672961723, 0.001883710903755581, 0.002637632887473718, 0.001079737724243498, 0.0009508778109028777, 0.0011709480871521345, 0.00212730244397688, 0.0030260007749296587, 0.002005791290908365, 0.0010994584086914322, 0.0016129872454118213, 0.001574809563302957, 0.0031597128172464605, 0.0006012672567453196, 0.0023952056178898843, 0.0013117437847004279, 0.0014583948152019504, 0.0021784349928909144, 0.0014890804240606053, 0.0015935369378732198, 0.0013041488843169174, 0.0021057556811816588, 0.0012986130002571787, 0.001767925314540529], [0.0016176580854347568, 0.0014793257409740814, 0.0017750924816691937, 0.002820991698236095, 0.0016196611468665219, 0.0015356605588445994, 0.0014888729333137779, 0.0031390156073047683, 0.002005791290908365, 0.003300349929109762, 0.0020914195691328482, 0.0022322568662708274, 0.0018192301336141159, 0.0035499930029334143, 0.0014151857745891049, 0.0021794989041577888, 0.0014560832415448297, 0.0018021302770281694, 0.0024177748788540305, 0.001999820320369435, 0.0020918080675959637, 0.0016868497331671076, 0.0024448843817700054, 0.0017938378780122121, 0.0021565276182217846], [0.0022744333903196713, 0.0012755854579050974, 0.00252983690105848, 0.004164685549042963, 0.002020736524131799, 0.001833530608856255, 0.0013457432575253684, 0.002389843951713175, 0.0010994584086914322, 0.0020914195691328482, 0.008161932561897236, 0.0014994611042489258, 0.0020422723512647538, 0.00411479207822643, 0.001354046713301323, 0.0010856305308106125, 0.001477194766163452, 0.0017812410823384512, 0.0029150907920869533, 0.0016128875097469035, 0.0013447562171675996, 0.0029935968621070553, 0.0019459725184254701, 0.0010644547050176205, 0.0029790908166025844], [0.0016118146449800056, 0.0013810359639828214, 0.0016082223035242922, 0.002197945900388869, 0.0014321184870535074, 0.000659281242331273, 0.0016872014095759985, 0.002932731600582742, 0.0016129872454118213, 0.0022322568662708274, 0.0014994611042489258, 0.004626386001593738, 0.002362776021283832, 0.0028204064274711233, 0.0003442694803752344, 0.0018120221441695736, 0.0008906134692094299, 0.001624848337180247, 0.002087947297890965, 0.0021611092396904533, 0.0024651800239377727, 0.0021445592191951606, 0.0022691258107668485, 0.002070928697306181, 0.0020781766869716373], [0.0029456263724472794, 0.0011978666594442933, 0.001809314662038704, 0.0037696753256068393, 0.0020747565405570714, 0.0003888230770037005, 0.0012022076660616686, 0.002567401616486569, 0.001574809563302957, 0.0018192301336141155, 0.0020422723512647538, 0.002362776021283832, 0.006585561340913127, 0.003668347941341071, 0.0009869289936605642, 0.0022073669153842945, 0.0014317190903385887, 0.002162811843033001, 0.004232694190032184, 0.00255347830399194, 0.002763757217756398, 0.001841078762430407, 0.001931266520901188, 0.001797821908796335, 0.00246351700823852], [0.00407294141878385, 0.0018070096399056522, 0.004164559550192538, 0.00691980876951455, 0.003215023220574528, 0.0028096626329704656, 0.0026141212503075486, 0.004711592434277953, 0.0031597128172464605, 0.0035499930029334143, 0.00411479207822643, 0.0028204064274711233, 0.003668347941341071, 0.011396257770695382, 0.0026802681265755157, 0.0035483563598337274, 0.0021781577327282995, 0.0041613486338881655, 0.004860679160977323, 0.004181929806010455, 0.002661663494565637, 0.004191785807122877, 0.004409350607650513, 0.0022310590895451457, 0.004424111156620157], [0.00023175369627267283, 0.0006529584021181537, 0.0018713248008883421, 0.0019293694552949385, 0.0013582599935944436, 0.0013637309145588168, 0.0015754598021100478, 0.00035759236838213356, 0.0006012672567453196, 0.0014151857745891049, 0.001354046713301323, 0.0003442694803752344, 0.0009869289936605642, 0.0026802681265755157, 0.012819385231827391, 0.0009984833110652713, 0.002075512759664203, 0.0013797386336498855, 0.0011397199683303896, 0.00166968648118247, -4.2193748213591616e-05, 0.001711901095311786, 0.001255475072129368, 0.0008779858526222057, 0.0010937214540271021], [0.0020398695047923235, 0.001423904068106957, 0.0019264872403803128, 0.0025189462356522193, 0.0011710292259919793, 0.001076285735870667, 0.0012835119944373645, 0.002311508600907242, 0.0023952056178898843, 0.0021794989041577888, 0.0010856305308106125, 0.0018120221441695736, 0.0022073669153842945, 0.0035483563598337274, 0.0009984833110652713, 0.0031437911273470686, 0.0014669211772177135, 0.0015133766100249007, 0.0022636635709020123, 0.0018107232539874593, 0.0020530676463509805, 0.001615316502534505, 0.0023318292465955713, 0.0017304129902950506, 0.0020956052483294273], [0.001825309152529692, 0.001058707049807059, 0.0013004365694000537, 0.0018145862441532902, 0.0009440170035665268, 0.0014250468826971041, 0.0012939022109497754, 0.0015688706686820607, 0.0013117437847004279, 0.0014560832415448297, 0.001477194766163452, 0.0008906134692094302, 0.0014317190903385887, 0.0021781577327282995, 0.002075512759664203, 0.0014669211772177135, 0.004116561701001796, 0.0014986184247608926, 0.002263495608349858, 0.0014476344011495, 0.0017670409134551545, 0.0016600929481894284, 0.00160326646884751, 0.0013709414098310834, 0.0015863426501513225], [0.0014948868481024264, 0.0010797379253581637, 0.0021689932622418716, 0.0030019340012195517, 0.0016158759094390292, 0.0013819725041310676, 0.0022754520743890074, 0.002297924002252283, 0.0014583948152019504, 0.0018021302770281694, 0.0017812410823384512, 0.001624848337180247, 0.002162811843033001, 0.0041613486338881655, 0.0013797386336498855, 0.0015133766100249007, 0.0014986184247608926, 0.007064267321667454, 0.002692116027650352, 0.0020250613138158196, 0.0019202313868775978, 0.0021782364098643296, 0.0021327765428732406, 0.0017202717445972556, 0.0027211055227187096], [0.0032311509119394067, 0.0010617981160629666, 0.0020303735058550326, 0.004096718707832597, 0.002632262777077607, 0.0014711819063075065, 0.0015595441803651982, 0.0033114647880774866, 0.0021784349928909144, 0.0024177748788540305, 0.0029150907920869533, 0.002087947297890965, 0.004232694190032184, 0.004860679160977323, 0.0011397199683303896, 0.0022636635709020123, 0.002263495608349858, 0.002692116027650352, 0.0065473224348939, 0.002281388950253789, 0.003092694748756628, 0.001961056198176981, 0.002471665588250274, 0.002079241950232465, 0.002718964239058655], [0.004107106305915806, 0.0015951554452953126, 0.00236905564730585, 0.004573302409221282, 0.0022078904706189094, 0.0027313358812035373, 0.0019249189029158747, 0.002751588684318428, 0.0014890804240606053, 0.001999820320369435, 0.0016128875097469035, 0.0021611092396904533, 0.00255347830399194, 0.004181929806010455, 0.00166968648118247, 0.0018107232539874589, 0.0014476344011495, 0.0020250613138158196, 0.002281388950253789, 0.006866497076119185, 0.0018365162769498299, 0.0029577495954475836, 0.0023540909868781505, 0.001980691030131647, 0.002623937781186239], [0.00223363765690241, 0.0013795908239502125, 0.0013662034158294486, 0.002069652301153951, 0.0015773979950039114, 0.0013398462753426322, 0.0016335365843931481, 0.0026903164794564167, 0.0015935369378732198, 0.0020918080675959637, 0.0013447562171675996, 0.0024651800239377727, 0.002763757217756398, 0.002661663494565637, -4.2193748213591616e-05, 0.0020530676463509805, 0.0017670409134551545, 0.0019202313868775978, 0.003092694748756628, 0.0018365162769498299, 0.005008981140708666, 0.0017261895126303368, 0.002253276184541428, 0.0024519995477174017, 0.0019279577437496989], [0.002664480526896548, 0.0017044781359612246, 0.0019134686890038553, 0.003424671427809327, 0.0018669262849475127, 0.0027794279682080824, 0.0022259561912321285, 0.002645915841205119, 0.0013041488843169174, 0.0016868497331671076, 0.0029935968621070553, 0.0021445592191951606, 0.001841078762430407, 0.004191785807122877, 0.0017119010953117865, 0.001615316502534505, 0.0016600929481894284, 0.0021782364098643296, 0.001961056198176981, 0.0029577495954475836, 0.0017261895126303368, 0.006424113336921905, 0.0023802361382656498, 0.0012053054730200373, 0.0025873275874312967], [0.0018608843864803882, 0.001527923506130416, 0.0019622504063410177, 0.002764233889815596, 0.001886298671642134, 0.0016612917841043985, 0.0014204433943049326, 0.0032292840301621443, 0.0021057556811816588, 0.0024448843817700054, 0.0019459725184254701, 0.0022691258107668485, 0.001931266520901188, 0.004409350607650513, 0.001255475072129368, 0.0023318292465955713, 0.0016032664688475102, 0.0021327765428732406, 0.002471665588250274, 0.0023540909868781505, 0.002253276184541428, 0.0023802361382656498, 0.00419445610293221, 0.0017831359226281153, 0.0021668547968063316], [0.001732731499904416, 0.0013877916455303598, 0.0015019327153271184, 0.0018312242105534228, 0.0011271170483665152, 0.0010509764921069246, 0.0016340098235081274, 0.0014475590542456012, 0.0012986130002571787, 0.0017938378780122121, 0.0010644547050176205, 0.002070928697306181, 0.0017978219087963355, 0.0022310590895451457, 0.0008779858526222057, 0.0017304129902950506, 0.0013709414098310834, 0.0017202717445972556, 0.002079241950232465, 0.001980691030131647, 0.0024519995477174017, 0.0012053054730200373, 0.0017831359226281153, 0.004283647692877956, 0.001439243576760714], [0.0026131252333114396, 0.0013275576833397798, 0.002695258279703625, 0.003356834544095885, 0.0019277768248705163, 0.0018537779286461353, 0.0015449740100272802, 0.0026403864018395827, 0.001767925314540529, 0.0021565276182217846, 0.0029790908166025844, 0.0020781766869716373, 0.00246351700823852, 0.004424111156620157, 0.0010937214540271021, 0.0020956052483294273, 0.0015863426501513225, 0.0027211055227187096, 0.002718964239058655, 0.002623937781186239, 0.0019279577437496989, 0.0025873275874312967, 0.0021668547968063316, 0.001439243576760714, 0.005791456588122055]]], "model.startprob_": [1.0]}