{"model.transmat_": [[0.65151079991805, 0.34848920008194995], [0.5738486921479904, 0.42615130785200955]], "model.means_": [[0.0018135413480769218, -0.02396567149386869, 0.007237445512829432, -0.010241828380125273, -0.013155206155857002, 0.011564627640320088, 0.00028155953739808504, -0.0008127295464878391, 0.007820655414388387, -0.0039648132982095146, -0.0014915331047612812, -0.006482466422744929, 0.005554691290329679, -0.010850893115221787, 0.0039010840060418515, -0.002104775741741374], [0.04612626422260145, 0.0609936348895974, 0.054149747351116634, 0.03691889683615483, 0.11686307407565259, 0.0239351047947169, 0.04602416083732033, 0.03555479844907966, 0.057787056485110996, 0.04509115738522325, 0.03825150446775171, 0.041489905041895925, 0.041700306281174146, 0.040833516649162745, 0.052237688064074084, 0.0376768109261873]], "model.covars_": [[[0.003611771635408252, 0.002547594785396298, 0.0022182770300309502, 0.0019618305720869836, 0.0028776115173243188, 0.0017174020290462253, 0.0018175904204900965, 0.001714688962841798, 0.0012676165228694785, 0.0016977382444680704, 0.0014502762484534474, 0.0025617223670568777, 0.0012932269880329783, 0.0023058744736468013, 0.0026129238439223405, 0.001915834787801122], [0.002547594785396298, 0.009395868904011178, 0.002536150792290364, 0.003074212305647898, 0.0042533164051249605, 0.002072578066641592, 0.0021480894179754734, 0.002222556138275788, 0.0028082030617738647, 0.0022358567180782675, 0.0005669118321744484, 0.002749470991448531, 0.0005285725142307674, 0.0025308559310078965, 0.0044523334540809735, 0.0020129570960701164], [0.0022182770300309502, 0.002536150792290364, 0.004045551326564524, 0.0026899075807160417, 0.0035069673862460297, 0.0020809472684900797, 0.0026552559960130945, 0.0016910796508192631, 0.0023703813680871805, 0.0022345744879845755, 0.0019216076325982597, 0.002414693685827714, 0.0016214568209357157, 0.001953271509095666, 0.0023774594823187936, 0.0026791723437627453], [0.0019618305720869836, 0.003074212305647898, 0.0026899075807160417, 0.004743248321631471, 0.0027797207683144583, 0.0015581302341197562, 0.002242069774785407, 0.0021688120121627326, 0.0016021633582728658, 0.002007845492252743, 0.0015963079533512828, 0.0028281711390916943, 0.0018521202386249697, 0.0013689626490631516, 0.0010091137374264277, 0.0024434682301030723], [0.0028776115173243188, 0.0042533164051249605, 0.0035069673862460297, 0.0027797207683144583, 0.008459967045792077, 0.00032572415104438154, 0.002045649741551003, 0.0015735711580734453, 0.002835761173100943, 0.0019108886661291188, 0.0008096192471977782, 0.002990529356327132, 0.0007939432824220899, 0.002748572806126423, 0.0040864161947142714, 0.0018469240019549687], [0.0017174020290462253, 0.002072578066641592, 0.0020809472684900792, 0.0015581302341197562, 0.00032572415104438154, 0.0044922767040130865, 0.002357084357047969, 0.0020194955008406854, 0.0022178241591262835, 0.001875662048795732, 0.0012594128250147409, 0.0019478662400855625, 0.0021438345716968794, 0.0011546209044154651, 0.001993042663426701, 0.0020354372061614627], [0.0018175904204900965, 0.0021480894179754734, 0.0026552559960130945, 0.002242069774785407, 0.002045649741551003, 0.002357084357047969, 0.00424527627844331, 0.002267959465406565, 0.0016602537808945998, 0.0021139276901783032, 0.0019116443574762744, 0.001736354493532191, 0.0023484809430424696, 0.0014785766035505855, 0.001876188596755957, 0.0024671161903542477], [0.001714688962841798, 0.002222556138275788, 0.0016910796508192633, 0.0021688120121627326, 0.0015735711580734453, 0.0020194955008406854, 0.002267959465406565, 0.003093466554489367, 0.001096466266094126, 0.0014184026034070264, 0.0009847586077846252, 0.0018840221028378374, 0.0019307985565267917, 0.0010411095359380378, 0.0013709893694821298, 0.001504828040048377], [0.0012676165228694785, 0.002808203061773865, 0.0023703813680871805, 0.0016021633582728658, 0.002835761173100943, 0.002217824159126283, 0.0016602537808945994, 0.001096466266094126, 0.006229214788054668, 0.0025954963296245617, 0.0015561413025305822, 0.001966932296955211, 0.0013658208448604995, 0.000946248636835786, 0.0020975932731655943, 0.0012351428484083484], [0.0016977382444680704, 0.0022358567180782666, 0.002234574487984575, 0.002007845492252743, 0.0019108886661291188, 0.0018756620487957315, 0.0021139276901783032, 0.0014184026034070264, 0.002595496329624562, 0.0039680560869269745, 0.001922777788036747, 0.0017796480293399456, 0.001762996954732319, 0.0015698688490153013, 0.0019827303377712687, 0.0026244117793210184], [0.0014502762484534472, 0.0005669118321744484, 0.0019216076325982592, 0.0015963079533512828, 0.0008096192471977783, 0.0012594128250147409, 0.0019116443574762744, 0.0009847586077846252, 0.0015561413025305822, 0.0019227777880367475, 0.0037249443697207263, 0.0005874506274101784, 0.0014289114538129435, 0.0010181470031733293, 0.0007645177922678338, 0.001511316236728042], [0.0025617223670568777, 0.0027494709914485313, 0.002414693685827714, 0.0028281711390916943, 0.002990529356327132, 0.0019478662400855618, 0.001736354493532192, 0.0018840221028378374, 0.001966932296955211, 0.0017796480293399458, 0.0005874506274101786, 0.010202664934100089, 0.0020784495005500407, 0.0007985935346678709, 0.0034607507040998915, 0.00272366977923602], [0.0012932269880329783, 0.0005285725142307675, 0.0016214568209357162, 0.0018521202386249697, 0.0007939432824220899, 0.0021438345716968794, 0.0023484809430424696, 0.0019307985565267917, 0.0013658208448604995, 0.0017629969547323186, 0.0014289114538129435, 0.0020784495005500407, 0.004262191074326005, 0.0009383730071620225, 0.0008617772226853695, 0.0022369814843978485], [0.0023058744736468013, 0.0025308559310078965, 0.001953271509095666, 0.0013689626490631514, 0.002748572806126423, 0.0011546209044154651, 0.0014785766035505853, 0.0010411095359380378, 0.0009462486368357858, 0.0015698688490153013, 0.001018147003173329, 0.0007985935346678709, 0.0009383730071620225, 0.004068684582452995, 0.0022641123801955916, 0.0017986350613428607], [0.002612923843922341, 0.0044523334540809735, 0.002377459482318793, 0.0010091137374264277, 0.0040864161947142714, 0.0019930426634267016, 0.001876188596755957, 0.0013709893694821295, 0.0020975932731655943, 0.0019827303377712687, 0.0007645177922678338, 0.0034607507040998902, 0.0008617772226853693, 0.0022641123801955916, 0.007302726240475084, 0.00244873165563584], [0.001915834787801122, 0.0020129570960701164, 0.0026791723437627453, 0.0024434682301030723, 0.0018469240019549683, 0.0020354372061614627, 0.0024671161903542477, 0.001504828040048377, 0.0012351428484083484, 0.0026244117793210184, 0.001511316236728042, 0.0027236697792360205, 0.0022369814843978485, 0.0017986350613428607, 0.00244873165563584, 0.004216651533250199]], [[0.0035708242763998724, 0.0003965231732490731, 0.0023303668896324983, 0.0011876079619786832, 0.0013701097631132453, 0.0012556138292122382, 0.0015041861547094252, 0.0006918994363739779, 0.0031990370682694175, 0.002406787030451055, 0.0008031233012528207, 0.0014701087862776085, 0.001023875580114289, 0.0018696189211172651, 0.002156485724983143, 0.0002215041172689446], [0.0003965231732490731, 0.013801607619389044, 0.0027279939097122224, 0.00247900311224836, 0.001971792592673549, 0.0015887299460250516, 0.0008689612380522326, 0.0017373457160664069, 0.0018363664350302302, 0.0022219719948881186, 0.002505405462564213, 0.0013076846343662858, 0.002041484544816327, 0.002120812193252804, 0.001990458649220859, 0.001807306139312393], [0.002330366889632499, 0.0027279939097122224, 0.005837860251351598, 0.0015533730259283825, 0.003669708730896727, 0.0018185864857445052, 0.002693046490369174, 0.0013671529281173765, 0.002752146298830148, 0.002525829101790082, 0.00021039497614539176, 0.0011836595012743182, 0.0011111921377626244, 0.0024457933430209926, 0.0030823777355989276, 0.0004289444862496009], [0.0011876079619786834, 0.0024790031122483604, 0.0015533730259283825, 0.007103980306862362, 0.0006266894992167609, 0.0021664729017478236, 0.001236999230794679, 0.000833505105987955, 0.0005786047046117741, 0.0031703542656525315, 0.0021199093917085555, 0.0013724205549257502, 0.004184344182585169, 0.000867665221334706, 0.002216973626195659, 0.0016702874323199523], [0.0013701097631132453, 0.001971792592673549, 0.003669708730896727, 0.0006266894992167602, 0.0151531655675065, 0.0010525239895761529, 0.0017253486429898068, 0.0009915849753994314, -8.630126760102638e-05, 0.0036968143442877546, 0.00014320291371966765, 0.003472796882107701, -9.384466389062606e-05, 0.0014091263411815963, 0.003233369542305913, 0.0012823324722004367], [0.0012556138292122382, 0.0015887299460250522, 0.0018185864857445052, 0.0021664729017478236, 0.0010525239895761529, 0.0049592917095907536, 0.002140942458990506, 0.000785607408004467, 0.001530907814493617, 0.0011246989161652554, 0.00033238398485273886, 0.0008655758907702273, 0.0026610642346160383, 0.001637429028157875, 0.0017177653378051042, 0.0018613978997453209], [0.0015041861547094252, 0.0008689612380522326, 0.0026930464903691742, 0.0012369992307946786, 0.0017253486429898055, 0.002140942458990506, 0.0028735933639667055, 0.0013154910515028523, 0.0020883530711782628, 0.0017231899719718838, 0.00022719515512514376, 0.0005120978464396833, 0.001499149493172406, 0.0013534075085371033, 0.001878217880591094, 0.0010301082811720384], [0.0006918994363739782, 0.0017373457160664069, 0.0013671529281173765, 0.000833505105987955, 0.0009915849753994314, 0.0007856074080044665, 0.0013154910515028523, 0.0025445961409526164, 0.00045520098307957397, 0.00029976500688192733, 0.0009703999348923883, -0.00048000784136882695, 0.0007255154678866584, 0.0019055014838448713, 0.0006104135197067476, 0.0007147242227349482], [0.003199037068269419, 0.0018363664350302302, 0.002752146298830147, 0.0005786047046117738, -8.630126760102638e-05, 0.001530907814493617, 0.0020883530711782628, 0.00045520098307957397, 0.005235950303813087, 0.002786353067397714, 0.0009610045354310517, 0.0014611006800715031, 0.0012371897841878569, 0.0016814990109379187, 0.002725549312001366, 0.0007958353496796078], [0.0024067870304510545, 0.0022219719948881186, 0.002525829101790081, 0.0031703542656525328, 0.0036968143442877546, 0.0011246989161652554, 0.0017231899719718832, 0.00029976500688192733, 0.002786353067397714, 0.009873955454603685, 0.002180610433630137, 0.0020362919133283695, 0.0027428338432621616, 0.0011307680216433203, 0.0019209903609224434, 0.0014521341727188452], [0.0008031233012528207, 0.002505405462564213, 0.00021039497614539147, 0.0021199093917085563, 0.00014320291371966828, 0.00033238398485273886, 0.00022719515512514376, 0.0009703999348923883, 0.0009610045354310517, 0.0021806104336301382, 0.004110822674997197, 0.002395575738245572, 0.0022419485116070424, 0.0006700248948671892, 0.0016727323795666497, 0.0009494754670900002], [0.0014701087862776085, 0.0013076846343662858, 0.0011836595012743182, 0.0013724205549257502, 0.0034727968821077018, 0.0008655758907702273, 0.0005120978464396833, -0.00048000784136882695, 0.0014611006800715031, 0.0020362919133283695, 0.002395575738245572, 0.005728752590389962, 0.002053920749660433, 1.9299564434835746e-05, 0.00374339923244598, 0.0008755693055053054], [0.0010238755801142887, 0.002041484544816327, 0.001111192137762624, 0.004184344182585167, -9.384466389062606e-05, 0.0026610642346160383, 0.001499149493172406, 0.0007255154678866584, 0.0012371897841878569, 0.0027428338432621607, 0.0022419485116070424, 0.002053920749660433, 0.0059370870887741475, 0.0007625448082059002, 0.0020339456330303106, 0.0013383618460703077], [0.0018696189211172651, 0.002120812193252804, 0.0024457933430209926, 0.000867665221334706, 0.0014091263411815963, 0.001637429028157875, 0.0013534075085371033, 0.0019055014838448713, 0.0016814990109379187, 0.0011307680216433203, 0.0006700248948671892, 1.9299564434835746e-05, 0.0007625448082059002, 0.005505536030811916, 0.0006081580543805832, -0.00018688595816889242], [0.002156485724983143, 0.001990458649220859, 0.0030823777355989262, 0.0022169736261956584, 0.003233369542305913, 0.0017177653378051042, 0.001878217880591094, 0.0006104135197067473, 0.002725549312001366, 0.0019209903609224434, 0.001672732379566649, 0.00374339923244598, 0.0020339456330303106, 0.0006081580543805829, 0.005208129112096294, 0.0012275857865728342], [0.0002215041172689446, 0.001807306139312393, 0.00042894448624960124, 0.0016702874323199523, 0.0012823324722004386, 0.0018613978997453209, 0.0010301082811720378, 0.0007147242227349482, 0.0007958353496796078, 0.0014521341727188452, 0.0009494754670900002, 0.0008755693055053054, 0.0013383618460703077, -0.00018688595816889242, 0.0012275857865728342, 0.0029284790890966427]]], "model.startprob_": [0.0, 1.0]}