{"data_info": {"amount_data_sets": 4, "time_frame": "2020-12-01 - 2021-12-01", "ordered_list_data_sets": ["MSFT", "BIDU", "ADBE", "PCAR"], "investor_base_currency": "USD", "dict_periods": {"0": "2020-12-01", "1": "2021-01-04", "2": "2021-02-01", "3": "2021-03-01", "4": "2021-04-01", "5": "2021-05-03", "6": "2021-06-01", "7": "2021-07-01", "8": "2021-08-02", "9": "2021-09-01", "10": "2021-10-01", "11": "2021-11-01", "12": "2021-12-01"}}, "data_ordered_returns": {"0": [0.06860080067216923, 0.04632599776202895, 0.07688677125005605, -0.017449060002251437], "1": [0.006845196799407871, 0.5457008412947386, 0.012918710216007545, -0.021447671534457258], "2": [0.10087739446001187, 0.1157287822878228, -0.03160670869905624, 0.07625118035882927], "3": [-0.011308157730023027, 0.2219603952209681, -0.0009148936170212396, 0.027856986181179932], "4": [0.02283278467122485, -0.25671560998714393, 0.029324701322486435, -0.018032437046521577], "5": [0.03924076748504235, -0.0671825216203914, 0.04162701204121322, -0.013473867217211777], "6": [-0.01770825061542125, -0.015223967990631415, -0.014996226115282174, 0.01839409626610844], "7": [0.09781729991915933, -0.0017837677138042851, 0.17910507955072497, -0.03969284014709051], "8": [0.04867452135493355, -0.17298719348754088, 0.058180698784054075, -0.07534632278409747], "9": [0.05972192963977241, -0.008582918192185374, 0.07618585858585858, 0.006820950060901332], "10": [-0.04217605937116908, -0.08233442305363847, -0.13278469416870653, -0.038833776917493235], "11": [0.13929436181252153, 0.12363108589523675, 0.10862901968933447, 0.146507237256136], "12": [0.0021556304460028652, -0.12617426021606382, 0.0268822243049045, -0.09485124602041939]}, "data_statistics_mean": {"0": [0.06993869941659447, 0.04900525133363076, 0.08063477572886091, -0.015456925355175177], "1": [0.0081234839774732, 0.454914808972411, 0.014667634346979708, -0.020349730974840274], "2": [0.09944783364758847, 0.13764038316952998, -0.028848401762110787, 0.08061593236125186], "3": [-0.01014663411654637, 0.2222828252529696, 0.0016475509044255876, 0.03000479680185275], "4": [0.025753035601908114, -0.25182497136331494, 0.03469182834773066, -0.015139377804004317], "5": [0.04001672512175214, -0.06560680237171246, 0.04207717717869597, -0.011623189700169288], "6": [-0.015982261334336667, -0.01035759823867699, -0.012676540215724397, 0.020467086366221854], "7": [0.09423695022315648, 0.0019076379909780394, 0.16731290183334468, -0.038976841447495914], "8": [0.04838906354377315, -0.18070927141164775, 0.05721172639015593, -0.07673261084156535], "9": [0.05900136886865038, 0.0011506870188563445, 0.07431041544387762, 0.00809308924458052], "10": [-0.0412386323983438, -0.08256320344032986, -0.1395531704782903, -0.03770474401086665], "11": [0.13257582692861736, 0.1247670942326824, 0.10543018957612094, 0.1395361082025155], "12": [0.0033106592518445943, -0.12824975038472552, 0.030181301525636806, -0.09744774249562227]}, "data_statistics_cov": {"0": [[0.0073765298634871825, 0.004227196105493378, 0.008617825254406207, -0.0004452095851350472], [0.004227196105493378, 0.007739775266855359, 0.003995193924089613, -0.0012154645346366955], [0.008617825254406207, 0.003995193924089613, 0.013645323305584323, -0.0026990018980904023], [-0.0004452095851350472, -0.0012154645346366955, -0.0026990018980904023, 0.004503147801476818]], "1": [[0.0027259925703709137, -0.0023660734419428124, 0.001846697306841464, -2.0206340721586015e-05], [-0.0023660734419428124, 0.033971721212655716, -0.003923355162273921, 0.005209631871318997], [0.001846697306841464, -0.003923355162273921, 0.003811131508386535, -0.0002813415981684236], [-2.0206340721586015e-05, 0.005209631871318997, -0.0002813415981684236, 0.002785665506397719]], "2": [[0.006562230347162685, 0.006296206394232153, 0.005456416162265759, -0.0016400924276154334], [0.006296206394232153, 0.06070769683743764, 0.010406972293561917, -0.004635895120033607], [0.005456416162265759, 0.010406972293561917, 0.006804254640318987, -0.0008294933721880468], [-0.0016400924276154334, -0.004635895120033607, -0.0008294933721880468, 0.015453616297059077]], "3": [[0.002567728088611613, -0.00015441816578896613, 0.002295451465985006, 0.0016764343468224834], [-0.00015441816578896613, 0.045161814481278546, 0.0024162799953064908, 0.005915354871284333], [0.002295451465985006, 0.0024162799953064908, 0.005389260245579508, 0.0020379863683179667], [0.0016764343468224834, 0.005915354871284333, 0.0020379863683179667, 0.0053581456915046686]], "4": [[0.006636039261946453, 0.014972330124357785, 0.00766885633812344, -4.218104812175831e-05], [0.014972330124357785, 0.08839338361718675, 0.022970301491968884, 0.004047495368053326], [0.00766885633812344, 0.022970301491968884, 0.012059544918373927, 0.0017512556050510587], [-4.218104812175831e-05, 0.004047495368053326, 0.0017512556050510587, 0.006339693295538176]], "5": [[0.0031294129305859627, 0.0011057519576379185, 0.0020778668851157193, 0.0018777685659389285], [0.0011057519576379185, 0.008033076772745593, 0.0008646227148676736, 2.82600453435193e-05], [0.0020778668851157193, 0.0008646227148676736, 0.002642574013693813, 0.001832625612103312], [0.0018777685659389285, 2.82600453435193e-05, 0.001832625612103312, 0.0040686233505688625]], "6": [[0.003946096837467873, 0.0025343429054283796, 0.003759945582579166, 0.0017964129226582934], [0.0025343429054283796, 0.01046819976436738, 0.004553672529737363, -0.0013060287570960637], [0.003759945582579166, 0.004553672529737363, 0.005107321408064988, 0.00022128686017611738], [0.0017964129226582934, -0.0013060287570960637, 0.00022128686017611738, 0.0046834011920592385]], "7": [[0.0015057393079719761, 0.0011304851844063898, 0.001535118309022815, -0.0001736909092813269], [0.0011304851844063898, 0.007741901453170248, 0.002723518119966477, -0.00011147010582531764], [0.001535118309022815, 0.002723518119966477, 0.004112842969348229, -0.0015622585313475805], [-0.0001736909092813269, -0.00011147010582531764, -0.0015622585313475805, 0.0031048290253665113]], "8": [[0.0017053653685513005, 0.0004771315368237195, 0.0011684625678901348, 0.0005541380770276962], [0.0004771315368237195, 0.01753081425215795, 0.00017557962155781054, 0.0018775293440246817], [0.0011684625678901348, 0.00017557962155781054, 0.0012332586109739406, 2.01421893680648e-05], [0.0005541380770276962, 0.0018775293440246817, 2.01421893680648e-05, 0.0030529941424319294]], "9": [[0.0019388822395437026, -0.002462382978937049, 0.0014020045145100297, -0.00015855647333289013], [-0.002462382978937049, 0.020841262306573554, -0.0005687659680033268, 0.0026727434386862206], [0.0014020045145100297, -0.0005687659680033268, 0.001605804132270084, 0.00023211163269673193], [-0.00015855647333289013, 0.0026727434386862206, 0.00023211163269673193, 0.0027477944234069115]], "10": [[0.003775037765567204, 0.0007602203579203399, 0.0026896383775739177, 0.0011336664491662567], [0.0007602203579203399, 0.006618606127002996, 0.0006274667584314523, 0.00036804004081919186], [0.0026896383775739177, 0.0006274667584314523, 0.0050498173783962205, 0.0003309965669661548], [0.0011336664491662567, 0.00036804004081919186, 0.0003309965669661548, 0.003894035243641448]], "11": [[0.0037411328618115612, -0.00011968641984895307, 0.0020065826567876323, 0.0002922979848357154], [-0.00011968641984895307, 0.016672511702505485, 0.002121637797231428, 0.0029726029014351535], [0.0020065826567876323, 0.002121637797231428, 0.004300807298475081, 0.0010114556633062195], [0.0002922979848357154, 0.0029726029014351535, 0.0010114556633062195, 0.005054129497849823]], "12": [[0.0024225015155592586, -0.0006952777894423376, 0.00330045001265598, 0.00032517966025550054], [-0.0006952777894423376, 0.012833770752839218, 0.0004942116369898061, -0.00024301354250393813], [0.00330045001265598, 0.0004942116369898061, 0.007665002206904116, -0.0011696430202674068], [0.00032517966025550054, -0.00024301354250393813, -0.0011696430202674068, 0.004134295375642097]]}, "pre_backtesting_period_training_data_statistics_mean": [0.01882159050289226, 0.008643294179952184, 0.02524326153750436, 0.007859337168343914], "pre_backtesting_period_training_data_statistics_cov": [[0.003924219076874342, 0.0024637381782840256, 0.0026055313884865536, 0.0020064280217357063], [0.0024637381782840256, 0.012732373970629015, 0.0034118165349315385, 0.003654843831916747], [0.0026055313884865536, 0.0034118165349315385, 0.005127923222164254, 0.0026297197506536902], [0.0020064280217357063, 0.003654843831916747, 0.0026297197506536902, 0.006057193794027698]]}