{"data_info": {"amount_data_sets": 25, "time_frame": "2020-12-01 - 2021-12-01", "ordered_list_data_sets": ["MSFT", "BIDU", "ADBE", "PCAR", "NVDA", "SBUX", "INTU", "ADP", "AMZN", "EBAY", "AMGN", "QCOM", "ORLY", "INTC", "AAPL", "CMCSA", "AMAT", "ROST", "PAYX", "ADSK", "CSCO", "COST", "FISV", "ISRG", "FAST"], "investor_base_currency": "USD", "dict_periods": {"0": "2020-12-01", "1": "2021-01-04", "2": "2021-02-01", "3": "2021-03-01", "4": "2021-04-01", "5": "2021-05-03", "6": "2021-06-01", "7": "2021-07-01", "8": "2021-08-02", "9": "2021-09-01", "10": "2021-10-01", "11": "2021-11-01", "12": "2021-12-01"}}, "data_ordered_returns": {"0": [0.06860080067216923, 0.04632599776202895, 0.07688677125005605, -0.017449060002251437, 0.06432446396280023, 0.14947074560893325, 0.12767840212375958, 0.08181592964201645, 0.07175950580466495, 0.05535826195947369, 0.022115253621542985, 0.22013390336371708, 0.027409051782721017, 0.1147098515519569, 0.12825227544359663, 0.2323671497584543, 0.3968175037294879, 0.2590585844903488, 0.12340936374549827, 0.15938356733405334, 0.21281337047353754, 0.09144484835240019, 0.190153150375167, 0.08531317494600432, 0.09873492647886817], "1": [0.006845196799407871, 0.5457008412947386, 0.012918710216007545, -0.021447671534457258, -0.0206497386109038, 0.043311070633474946, 0.041701698335295134, -0.03269021583557552, -0.010387940672281326, 0.01939825811559781, 0.00701972631953085, -0.01824672748909162, 0.0009039597848135017, 0.0022195318805489084, 0.05451434159061286, -0.009996079968639826, 0.030853209920493674, 0.049578626501703305, -0.034409061765334426, 0.06352334205152066, 0.009646302250803984, -0.019119620187841968, -0.03342257535193027, 0.0904382198596061, -0.017930750206100687], "2": [0.10087739446001187, 0.1157287822878228, -0.03160670869905624, 0.07625118035882927, 0.009417775574789511, -0.04384093113482057, 0.005057842345977948, -0.015447443181818232, 0.04903299096537728, 0.13533980582524263, 0.060751786817259346, 0.0880808080808082, -0.03839460757318769, 0.14133279645661356, 0.03655049841588731, -0.007127301524450624, 0.1650742488776331, -0.03980524472537794, -0.011730854360336496, -0.035439967659345095, 0.032757051865332176, -0.07794291726949887, -0.048427448177269516, -0.06736249999999999, -0.025813221406085995], "3": [-0.011308157730023027, 0.2219603952209681, -0.0009148936170212396, 0.027856986181179932, 0.04568633376142617, 0.08409413674173272, 0.08787943680068544, 0.06702735196874055, -0.05885344373713686, 0.0001710278775439722, -0.05569188537204184, -0.1367124644139126, 0.033650982727814194, 0.10919033339213269, -0.04733860146115987, 0.08574277168494526, 0.20788459638375656, 0.07259140645850004, 0.038633818589025815, -0.007159821179100301, 0.011453744493392204, -0.05349195480999658, 0.09558685446009396, 0.017557732773987755, 0.04416199913830243], "4": [0.02283278467122485, -0.25671560998714393, 0.029324701322486435, -0.018032437046521577, -0.0021673560062852593, 0.02348647889959765, -0.027509165620924647, 0.0670422535211268, 0.004723248170774408, 0.07917236662106708, 0.0974718111346018, -0.012187253566564027, 0.1254127606763733, 0.026558524173027953, -0.03748337115580258, 0.005509641873278293, 0.15762781186094088, -0.0004976362279173197, 0.06479784366576835, -0.0013015794842931028, 0.13196864111498252, 0.06983753805347082, 0.04705176551251289, -0.015292211641047992, 0.05446668042087888], "5": [0.03924076748504235, -0.0671825216203914, 0.04162701204121322, -0.013473867217211777, 0.07421217441671035, 0.057963064545620835, 0.040761075829263804, 0.010876451953537591, 0.07133502056311292, -0.07859293297417214, -0.015210498856202515, -0.002612671456564186, 0.09282816746091149, -0.1129357087529047, 0.07756097560975594, 0.03324200913242015, -0.061263425664217164, 0.09642353331673714, 0.0030376670716889542, 0.012680521310320714, -0.015582916506348465, 0.0686876655209332, -0.017189162642219924, 0.16044676297485294, 0.036979064762277414], "6": [-0.01770825061542125, -0.015223967990631415, -0.014996226115282174, 0.01839409626610844, 0.09623064350346278, -0.02056688558589692, 0.06641707589828383, 0.027420871200250607, -0.049561640518648975, 0.055374032674118556, -0.048088678783926864, -0.025394746416357528, -0.031191437220700724, -0.006461753405518689, -0.06232080881243396, 0.006717341347003858, 0.04034625517500956, -0.06932566411867103, 0.01948314153038555, -0.021565217391304348, 0.02833691616181344, -0.002873563218390718, -0.04697259931706499, -0.03632067316004839, -0.008679245283018888], "7": [0.09781729991915933, -0.0017837677138042851, 0.17910507955072497, -0.03969284014709051, 0.24270650803898053, 0.0006176107287805266, 0.11943190625997357, 0.015759239489604004, 0.06658692308887249, 0.1373635326706859, 0.05702543025943996, 0.05121696281917276, 0.07017576490281785, -0.0154684478818774, 0.10452204699066625, 0.014047410008779515, -0.0018811952825411593, 0.01642677075709509, 0.07406673928111696, 0.04408105225737646, 0.015583428354237983, 0.0430954710097029, -0.05322030935943378, 0.10934883498397197, -0.009135896459840032], "8": [0.04867452135493355, -0.17298719348754088, 0.058180698784054075, -0.07534632278409747, -0.022857708292103762, 0.06137024953707804, 0.07424905814071892, 0.048245833541864735, -0.029563322720559726, -0.016762177650429866, -0.028797083839611215, 0.0572443181818183, 0.044753032778337865, -0.0415997143367256, 0.06010053179864494, 0.012467532467532516, 0.02943095324392897, -0.03184254740379222, 0.043975292707661096, 0.09659516513449096, 0.03761227544910195, 0.08716700884596884, 0.013014583717924966, 0.07018092424471134, 0.05090280445639639], "9": [0.05972192963977241, -0.008582918192185374, 0.07618585858585858, 0.006820950060901332, 0.13625316455696201, -0.024258536180111312, 0.06752478625997616, -0.012365719742181813, 0.04428062002473365, 0.10957307300014585, -0.06855998999124235, -0.016189708450893625, -0.014289754296075818, -0.00018628912071527726, 0.04803463441451328, 0.04566444330425856, -0.06020702767410735, -0.028757953888108423, 0.003355704697986628, -0.05846555096718098, 0.06474301172227226, 0.064347663900028, 0.07826879271070619, 0.07068661528386477, 0.013708645585816193], "10": [-0.04217605937116908, -0.08233442305363847, -0.13278469416870653, -0.038833776917493235, -0.07570963860790525, -0.03856960408684551, -0.03402411521318338, -0.023494150633278643, -0.05626329405001429, -0.08194353250164166, -0.042220729796283885, -0.12113349265961071, 0.02008303236912301, 0.0035401527855412063, -0.0646514982624089, -0.06427870461236507, -0.03244417803087074, -0.0547945205479452, 0.01346593909522964, -0.0632502308402586, -0.06605691056910568, -0.017940068343117455, -0.07233395301673151, -0.05007010379125065, -0.06815723043635058], "11": [0.13929436181252153, 0.12363108589523675, 0.10862901968933447, 0.146507237256136, 0.24515475846109336, -0.02763018065887357, 0.11919774987591203, 0.09970297029702957, 0.01061445027198582, 0.09140323272779294, -0.019306282722513113, 0.04739336492891, 0.025296141883396128, -0.08002227998514677, 0.04423413950227828, -0.08652333508127952, 0.08038410903740423, 0.026284994148888297, 0.05601389491966979, 0.10895585439695843, 0.017410228509249226, 0.09711596368746234, -0.07096010202222636, 0.05506791985246662, 0.09868421052631571], "12": [0.0021556304460028652, -0.12617426021606382, 0.0268822243049045, -0.09485124602041939, 0.21713710458047797, -0.010382513661202242, 0.09047157569685127, 0.02129287836499505, 0.037855887839764124, -0.1243774574049803, -0.04285237618570947, 0.30279652844744454, 0.02744743678698791, -0.01917255297679099, 0.10613587540279279, -0.06084959816303104, 0.08716221059422269, -0.08016840628015087, -0.03125, -0.20739024157963237, -0.019073083778966105, 0.0771951938520341, -0.06314344543582706, -0.09886488465763443, 0.02976400140894686]}, "data_statistics_mean": {"0": [0.06993869941659447, 0.04900525133363076, 0.08063477572886091, -0.015456925355175177, 0.07181374353352599, 0.1426313141830562, 0.12587818453247868, 0.08094815549606016, 0.07468131690838731, 0.059667651249706855, 0.024465734557173824, 0.21057653337403637, 0.02853047473496728, 0.11078755145853181, 0.12432684895974533, 0.21396152264202672, 0.3433813853988612, 0.2471763900257854, 0.11865020135194881, 0.15332864584691208, 0.19738505755880797, 0.09003384583470087, 0.17863455409431572, 0.08582061926739215, 0.0972085598321869], "1": [0.0081234839774732, 0.454914808972411, 0.014667634346979708, -0.020349730974840274, -0.01921005644083018, 0.045391497946874804, 0.04294887301708983, -0.031476856976219714, -0.008624723754977137, 0.022759732268125554, 0.008210229318109552, -0.013101549402551703, 0.0018527645812479454, 0.0076018979508445375, 0.05650312467144025, -0.00847435059715751, 0.032422685297423426, 0.05174619162216277, -0.03314858816509647, 0.06386881937642097, 0.010237014756989016, -0.01840906531402542, -0.03257670885676023, 0.08880967265052953, -0.016476177519482826], "2": [0.09944783364758847, 0.13764038316952998, -0.028848401762110787, 0.08061593236125186, 0.01639238529693776, -0.0412343916824921, 0.008590205333684486, -0.014587306981976744, 0.051234417828457286, 0.1308285873346191, 0.060940944737832736, 0.08933139151300751, -0.03453997034634504, 0.14543514006163316, 0.04099028349199185, -0.0023727530781717516, 0.16522399443943248, -0.03630303875977059, -0.010431666049764976, -0.030566589932449206, 0.0329778195309951, -0.07985299386171418, -0.04653529573288029, -0.06444597192399737, -0.0236343114079145], "3": [-0.01014663411654637, 0.2222828252529696, 0.0016475509044255876, 0.03000479680185275, 0.05425934869053706, 0.08385040696370516, 0.0899359575220684, 0.06685000572270505, -0.058824486564689075, 0.004883823649903475, -0.05642790317215285, -0.1396297014816339, 0.035927566856925885, 0.10818537183657506, -0.04526203697234277, 0.0841294232249723, 0.20300521681778438, 0.07354140516442498, 0.039432676237349355, -0.002441710558796606, 0.013355930113475356, -0.053976875462884655, 0.09429839393324024, 0.01983132504734153, 0.044939507499321296], "4": [0.025753035601908114, -0.25182497136331494, 0.03469182834773066, -0.015139377804004317, 0.010595221459436366, 0.025140007659494753, -0.02212127572821465, 0.06783419297808724, 0.007882716385058885, 0.08315671299647964, 0.09499662227440009, -0.003797033700133068, 0.1199278511043148, 0.03256838939931472, -0.0336819411969439, 0.007381951683605892, 0.16686679156756934, 0.006847287200629992, 0.06487019701202335, 0.005531179549696619, 0.12696204649754306, 0.06994222169157893, 0.04768104618484881, -0.011132124493684281, 0.05689249241333283], "5": [0.04001672512175214, -0.06560680237171246, 0.04207717717869597, -0.011623189700169288, 0.07809659762187504, 0.058037114141125445, 0.041786937380984934, 0.013141028068152094, 0.07071861505710919, -0.07368204499430764, -0.011382118555941179, 0.0012503909141662328, 0.09012648745444218, -0.11553795595043725, 0.0766706132390047, 0.03435988489425268, -0.059815512564257434, 0.09413296251548309, 0.005359008566139578, 0.014777992881356172, -0.014884954685019158, 0.06720201974091389, -0.01598383725920849, 0.15552542652862733, 0.03761025637240989], "6": [-0.015982261334336667, -0.01035759823867699, -0.012676540215724397, 0.020467086366221854, 0.09823923335166795, -0.01962223469872304, 0.06728958394188556, 0.028196372592247165, -0.049016889601714686, 0.05756406889568144, -0.04812233622125528, -0.021766002445690047, -0.031017450332465946, -0.004727697080439408, -0.061961084326670246, 0.009587951650823268, 0.049386713464492416, -0.06794994459483361, 0.020715491037727962, -0.018849021793907572, 0.029306507761807765, -0.0014885186292564745, -0.047102988545560276, -0.034838216622875895, -0.007090282837914241], "7": [0.09423695022315648, 0.0019076379909780394, 0.16731290183334468, -0.038976841447495914, 0.22179581684295316, 0.0012715105824570028, 0.11393539948077547, 0.016437145471539516, 0.06583705788800387, 0.13133259347785986, 0.05610653219991146, 0.05151196830742245, 0.06854582313010371, -0.013858505866264472, 0.10059085627403375, 0.015282011486276503, 0.002012154015136547, 0.01835025711414706, 0.07236754493711894, 0.0453971036033075, 0.016447533114291923, 0.04303366670385156, -0.05313508780475452, 0.10489209436849212, -0.008489714370821133], "8": [0.04838906354377315, -0.18070927141164775, 0.05721172639015593, -0.07673261084156535, -0.018159079161882086, 0.06193532540176139, 0.07240528369320931, 0.04782509586126138, -0.024846591876203084, -0.01266545556162735, -0.028672066396620233, 0.059000389694270676, 0.04506576797222139, -0.03962393443058054, 0.06041914934774395, 0.013110182356369848, 0.032638646875346344, -0.029280066582444194, 0.04374925922729389, 0.09432749122763506, 0.03759461164714428, 0.08422051532541998, 0.016121039725655928, 0.0692223082340161, 0.050684186843312655], "9": [0.05900136886865038, 0.0011506870188563445, 0.07431041544387762, 0.00809308924458052, 0.1334114875081761, -0.02386339020448791, 0.06627847089622951, -0.011263242178886303, 0.0444489257576961, 0.10896159897853919, -0.06766701546883924, -0.015221023272217193, -0.013553957254992421, 0.0006561395176316598, 0.04836372579197534, 0.045135093443350316, -0.058688427751110606, -0.025205874261449154, 0.004008670682655202, -0.054166110437817716, 0.06406056016749229, 0.0632364634874969, 0.07625658385398393, 0.07021451305800297, 0.014544243130257593], "10": [-0.0412386323983438, -0.08256320344032986, -0.1395531704782903, -0.03770474401086665, -0.07507508701248466, -0.037570904951271245, -0.032335269879091966, -0.02260308595709537, -0.056685417684188666, -0.08305065091499941, -0.04186326185528933, -0.1274935159730276, 0.021815752198760197, 0.004604227813633788, -0.06496052977022804, -0.061897037436109525, -0.02747386821675446, -0.053955170186861356, 0.015272052380754797, -0.06253957131894072, -0.06728620865832768, -0.01649368898221726, -0.07259595847385336, -0.048876711830167285, -0.06895634677255702], "11": [0.13257582692861736, 0.1247670942326824, 0.10543018957612094, 0.1395361082025155, 0.22575325599716223, -0.02485623594401376, 0.11534201184187809, 0.0961959929671803, 0.013073268804678295, 0.0952346275475976, -0.01816229345068765, 0.047894430376591135, 0.02700016618667722, -0.07434923839868146, 0.04474385339372977, -0.08693685683648956, 0.08022440816992338, 0.02807646811911968, 0.055196754153223004, 0.1062360260348193, 0.018312467200531923, 0.0938123005098741, -0.06568836294423097, 0.05609147551659366, 0.09576207746554377], "12": [0.0033106592518445943, -0.12824975038472552, 0.030181301525636806, -0.09744774249562227, 0.21429105305083426, -0.008158135406649447, 0.09756467700354032, 0.02253759874261907, 0.040566152344801654, -0.1292123278601358, -0.042198910618331364, 0.28019338622463663, 0.028210313408979837, -0.018016542736056573, 0.10321349536581047, -0.06112684634743904, 0.09169940635283168, -0.07746450397209415, -0.03035526794600063, -0.21488292416797336, -0.016125803114796944, 0.0761970596449909, -0.06254214094790345, -0.10120937573753785, 0.030625729417449676]}, "data_statistics_cov": {"0": [[0.0073765298634871825, 0.004227196105493378, 0.008617825254406207, -0.0004452095851350472, 0.0097146733045651, 0.0015828508080649448, 0.006923653810672982, 1.8652182733736895e-05, 0.008176630729769867, 0.0045763258426772336, 0.0018702433269401518, 0.00876651093962152, 0.0012294533099603475, 0.0026313439564585855, 0.005553562613825857, 0.001270464765792492, 0.006992152431493226, -0.003118840630798134, 0.0003067030976477309, 0.0028201093283238693, 0.0012516295392943164, 0.003410400426978377, 0.0020508475018176237, 0.003129429447317231, 0.001948269383314419], [0.004227196105493378, 0.007739775266855359, 0.003995193924089613, -0.0012154645346366955, 0.004092779049027905, 0.0021658962332847865, 0.0041743738636914225, 0.0004143532898904337, 0.004428338520805951, 6.406708375134239e-06, 0.004329435109124158, 0.005750639782661249, 0.0015972328441483106, 0.0016181883911749076, 0.004244042387167636, 0.001781653656840655, 0.0037442396380282686, 0.0027147091703539597, 0.0002426490685223183, 0.0002700553894935892, 0.002561793455441862, 0.0010541119658164383, 0.0008379388857332876, 0.004553044128850471, 0.0009543866143889106], [0.008617825254406207, 0.003995193924089613, 0.013645323305584323, -0.0026990018980904023, 0.013114297801189154, 0.0003392523606276563, 0.008724195917142857, -0.0018908904395438825, 0.011552645026653978, 0.005430439262848348, 0.0020139646528742903, 0.007686152458353307, -0.0001342483146849546, 0.0025417231734716117, 0.006566030571466668, -0.0011867332745740821, 0.006221092599994073, -0.009916594340609016, -0.0018351699420550063, 0.0040017836857948194, -0.00032189429072693393, 0.004956374221588022, 0.0015364550724089043, 0.0020658640638771364, 0.0016679338720290214], [-0.0004452095851350472, -0.0012154645346366955, -0.0026990018980904023, 0.004503147801476818, -0.00199225737916132, 0.0013831428498378231, -0.0005781420813747164, 0.002041801957884789, -0.0020613398783222553, 0.002858876303371573, -0.0011288527438227133, 0.0022235238513262524, 0.0016943756135699836, 0.0003873066367388568, -0.0007295514325755706, 0.0022246279355480547, 0.0028685257886551167, 0.00531153441641565, 0.003297130570665515, 0.0013120036418607433, 0.0028358905303901426, 0.0003343385739464617, 0.0008017976881810934, -0.00019192207811708636, 0.0021423742830071198], [0.0097146733045651, 0.004092779049027905, 0.013114297801189154, -0.00199225737916132, 0.01957629011059043, -0.00021797153133724896, 0.009041271978209794, -0.0009808333272360603, 0.012665745946101009, 0.007333014321784933, 8.980701213345536e-05, 0.010473074899926332, -0.00012072822516576379, 0.002158958874858541, 0.007307850798091036, -0.003730137903183879, 0.00682302201073575, -0.014143419974373145, -0.0011710829131253069, 0.005489519756864961, -0.0011249731228355334, 0.006368853847840795, -0.0010388977722660408, 0.00099392014084406, 0.0028324237101364884], [0.0015828508080649448, 0.0021658962332847865, 0.0003392523606276563, 0.0013831428498378231, -0.00021797153133724896, 0.006097242403715315, 0.00512737058689005, 0.0031727437507266575, -2.5873269664204413e-05, 0.0001905305953006756, 0.0013138596032570924, 0.0023042353718710257, 0.002093571456858579, 0.001897151638602464, 0.000496647726393919, 0.005081941830028758, 0.0037614460827140516, 0.010577191344942028, 0.003217356873724375, 0.002391985244725553, 0.0032680347919337074, -0.0023861214166131036, 0.0054000260955958295, 0.005144359823306499, 0.0005378622696614543], [0.006923653810672982, 0.0041743738636914225, 0.008724195917142857, -0.0005781420813747164, 0.009041271978209794, 0.00512737058689005, 0.011253510800144063, 0.0010816634865267933, 0.0072621389950433355, 0.003823430714629329, 0.0023069040889007256, 0.007100632401116348, 0.0018715311773918834, 0.0027991769715027884, 0.005116129805494585, 0.0033051623425661507, 0.007024800995372331, 0.003133289339909997, 0.0014364130597995046, 0.00542724979954336, 0.0017795336690537762, 0.0010893187136501985, 0.005898971563822644, 0.006394952261960518, 0.0006794672908230157], [1.8652182733736895e-05, 0.0004143532898904337, -0.0018908904395438825, 0.002041801957884789, -0.0009808333272360603, 0.0031727437507266575, 0.0010816634865267933, 0.004565415681069245, -0.001599117506776531, 0.0014555059277933772, 0.0005051572657290622, -0.0005476737477833754, 0.0016320109677697, 0.0016314078183830953, -0.0005586804831066618, 0.0034382097979998114, 0.0009205394064569658, 0.005286574433023319, 0.003683071792297353, -1.8899437742155288e-05, 0.003561513544367983, -0.0010022742038062328, 0.0027028124157783893, 0.0013206030642839133, 0.002999320637751766], [0.008176630729769867, 0.004428338520805951, 0.011552645026653978, -0.0020613398783222553, 0.012665745946101009, -2.5873269664204413e-05, 0.0072621389950433355, -0.001599117506776531, 0.011124688800626, 0.005047528184704916, 0.0019196382588656232, 0.008561054459459982, 0.00038268168601639067, 0.002525388032497055, 0.006494391434023702, -0.0011108075630835398, 0.006174298942675364, -0.008994197965410403, -0.0016555677697136094, 0.0028218594470407507, -9.01412387983393e-05, 0.005129240904229013, 0.0001484723724540894, 0.0014952860722543203, 0.001358659971377291], [0.0045763258426772336, 6.406708375134239e-06, 0.005430439262848348, 0.002858876303371573, 0.007333014321784933, 0.0001905305953006756, 0.003823430714629329, 0.0014555059277933772, 0.005047528184704916, 0.01199912749678886, -0.0022750588896554417, 0.0066491536910004865, 0.000696983119328599, 0.0017504888241781057, 0.0017430562825519996, -0.0009039229663663215, 0.007507010790778411, -0.00696261358952655, 0.0020728362752218603, 0.005366989346136751, 0.004077882924018518, 0.004095904496073312, 0.0012021014678829317, -0.0010411419512906393, 0.003753211288440806], [0.0018702433269401518, 0.004329435109124158, 0.0020139646528742903, -0.0011288527438227133, 8.980701213345536e-05, 0.0013138596032570924, 0.0023069040889007256, 0.0005051572657290622, 0.0019196382588656232, -0.0022750588896554417, 0.005502478916381928, 0.0016947013285286815, 0.0012732866038173691, 0.0015081732833673671, 0.002295488981342934, 0.002451985675702688, 0.00175238354741127, 0.0033557090734635986, 0.0004078973887117383, -0.002715416104487498, 0.0011344452914235992, -0.00031330404308584905, 0.001134414451561337, 0.0029665161812195942, 0.0005173291874055459], [0.00876651093962152, 0.005750639782661249, 0.007686152458353307, 0.0022235238513262524, 0.010473074899926332, 0.0023042353718710257, 0.007100632401116348, -0.0005476737477833754, 0.008561054459459982, 0.0066491536910004865, 0.0016947013285286815, 0.023597545857219238, 0.0020914458871614827, 0.0034384562639208456, 0.009545068305602908, 0.0003015077762273077, 0.012102651834367834, -0.0011221297559066, 0.0013743304401680908, 0.004466943997688388, 0.0032268625530660943, 0.005227953139618491, 0.0015486543663543817, 0.0035837470422063777, 0.001555639836586326], [0.0012294533099603475, 0.0015972328441483106, -0.0001342483146849546, 0.0016943756135699836, -0.00012072822516576379, 0.002093571456858579, 0.0018715311773918834, 0.0016320109677697, 0.00038268168601639067, 0.000696983119328599, 0.0012732866038173691, 0.0020914458871614827, 0.003103504551688483, 0.0020080888191490627, 0.001758052263085329, 0.002368734215203808, 0.002097494238378606, 0.0048215602384252335, 0.0018981544354558597, -0.0006752396778249516, 0.002482305528879296, -2.2449191923859192e-05, 0.0015844830483490542, 0.001391974496121663, 0.0016048417044490382], [0.0026313439564585855, 0.0016181883911749076, 0.0025417231734716117, 0.0003873066367388568, 0.002158958874858541, 0.001897151638602464, 0.0027991769715027884, 0.0016314078183830953, 0.002525388032497055, 0.0017504888241781057, 0.0015081732833673671, 0.0034384562639208456, 0.0020080888191490627, 0.003989029161831856, 0.0024510005273330284, 0.0012331132277438807, 0.003543795504791717, 0.0008059404704700739, 0.0013307034116746398, 0.0004671540468888677, 0.002763250006554174, 0.0006112923034720272, 0.002258041224284205, 0.0011252857191359628, 0.002499270847912975], [0.005553562613825857, 0.004244042387167636, 0.006566030571466668, -0.0007295514325755706, 0.007307850798091036, 0.000496647726393919, 0.005116129805494585, -0.0005586804831066618, 0.006494391434023702, 0.0017430562825519996, 0.002295488981342934, 0.009545068305602908, 0.001758052263085329, 0.0024510005273330284, 0.0069859134876625135, -0.0003462187870341837, 0.0035109455119988354, -0.0028498971966626294, -0.00045955512578341477, 0.0011347844569307326, 0.0006457820036262244, 0.003633690579703778, 0.0006945753149885629, 0.002060084963184442, 0.0012697777703704234], [0.001270464765792492, 0.001781653656840655, -0.0011867332745740821, 0.0022246279355480547, -0.003730137903183879, 0.005081941830028758, 0.0033051623425661507, 0.0034382097979998114, -0.0011108075630835398, -0.0009039229663663215, 0.002451985675702688, 0.0003015077762273077, 0.002368734215203808, 0.0012331132277438807, -0.0003462187870341837, 0.008423416249208681, 0.0037334233686020166, 0.013752237443136995, 0.003793990752300135, -0.0006040259014774222, 0.003302959732273195, -0.002418124829176913, 0.005304364149838694, 0.005097891441125444, 0.0006901875897518296], [0.006992152431493226, 0.0037442396380282686, 0.006221092599994073, 0.0028685257886551167, 0.00682302201073575, 0.0037614460827140516, 0.007024800995372331, 0.0009205394064569658, 0.006174298942675364, 0.007507010790778411, 0.00175238354741127, 0.012102651834367834, 0.002097494238378606, 0.003543795504791717, 0.0035109455119988354, 0.0037334233686020166, 0.01371216053272677, 0.0035226884702409564, 0.002714450091248064, 0.0035938088827426927, 0.004591031409530157, 0.0020726095395180444, 0.003723449162203315, 0.004305737805942409, 0.002860282377987328], [-0.003118840630798134, 0.0027147091703539597, -0.009916594340609016, 0.00531153441641565, -0.014143419974373145, 0.010577191344942028, 0.003133289339909997, 0.005286574433023319, -0.008994197965410403, -0.00696261358952655, 0.0033557090734635986, -0.0011221297559066, 0.0048215602384252335, 0.0008059404704700739, -0.0028498971966626294, 0.013752237443136995, 0.0035226884702409564, 0.03464762191469749, 0.00687758696574182, 5.125181701269735e-05, 0.005544097302670685, -0.008251391083373933, 0.009635005195729024, 0.010947506210053921, -0.0019136353246835102], [0.0003067030976477309, 0.0002426490685223183, -0.0018351699420550063, 0.003297130570665515, -0.0011710829131253069, 0.003217356873724375, 0.0014364130597995046, 0.003683071792297353, -0.0016555677697136094, 0.0020728362752218603, 0.0004078973887117383, 0.0013743304401680908, 0.0018981544354558597, 0.0013307034116746398, -0.00045955512578341477, 0.003793990752300135, 0.002714450091248064, 0.00687758696574182, 0.004131469891610239, 0.0013960984584731884, 0.003692981116642756, -0.0007709790931418075, 0.002659338109085512, 0.001767450033519022, 0.0026230151915475203], [0.0028201093283238693, 0.0002700553894935892, 0.0040017836857948194, 0.0013120036418607433, 0.005489519756864961, 0.002391985244725553, 0.00542724979954336, -1.8899437742155288e-05, 0.0028218594470407507, 0.005366989346136751, -0.002715416104487498, 0.004466943997688388, -0.0006752396778249516, 0.0004671540468888677, 0.0011347844569307326, -0.0006040259014774222, 0.0035938088827426927, 5.125181701269735e-05, 0.0013960984584731884, 0.01023773469671835, 0.0009588090923630796, 0.0009497946424384647, 0.003187894929638305, 0.0031089136909585357, -0.0004433597900764509], [0.0012516295392943164, 0.002561793455441862, -0.00032189429072693393, 0.0028358905303901426, -0.0011249731228355334, 0.0032680347919337074, 0.0017795336690537762, 0.003561513544367983, -9.01412387983393e-05, 0.004077882924018518, 0.0011344452914235992, 0.0032268625530660943, 0.002482305528879296, 0.002763250006554174, 0.0006457820036262244, 0.003302959732273195, 0.004591031409530157, 0.005544097302670685, 0.003692981116642756, 0.0009588090923630796, 0.007575946149756509, 0.00022144035077802245, 0.002883684806965268, 0.0019690340192128563, 0.00399807802651305], [0.003410400426978377, 0.0010541119658164383, 0.004956374221588022, 0.0003343385739464617, 0.006368853847840795, -0.0023861214166131036, 0.0010893187136501985, -0.0010022742038062328, 0.005129240904229013, 0.004095904496073312, -0.00031330404308584905, 0.005227953139618491, -2.2449191923859192e-05, 0.0006112923034720272, 0.003633690579703778, -0.002418124829176913, 0.0020726095395180444, -0.008251391083373933, -0.0007709790931418075, 0.0009497946424384647, 0.00022144035077802245, 0.004815095936513625, -0.002697892636821665, -0.0022065695101133563, 0.001967340368590187], [0.0020508475018176237, 0.0008379388857332876, 0.0015364550724089043, 0.0008017976881810934, -0.0010388977722660408, 0.0054000260955958295, 0.005898971563822644, 0.0027028124157783893, 0.0001484723724540894, 0.0012021014678829317, 0.001134414451561337, 0.0015486543663543817, 0.0015844830483490542, 0.002258041224284205, 0.0006945753149885629, 0.005304364149838694, 0.003723449162203315, 0.009635005195729024, 0.002659338109085512, 0.003187894929638305, 0.002883684806965268, -0.002697892636821665, 0.008136785166358502, 0.005955757944211205, 0.0004461918778466415], [0.003129429447317231, 0.004553044128850471, 0.0020658640638771364, -0.00019192207811708636, 0.00099392014084406, 0.005144359823306499, 0.006394952261960518, 0.0013206030642839133, 0.0014952860722543203, -0.0010411419512906393, 0.0029665161812195942, 0.0035837470422063777, 0.001391974496121663, 0.0011252857191359628, 0.002060084963184442, 0.005097891441125444, 0.004305737805942409, 0.010947506210053921, 0.001767450033519022, 0.0031089136909585357, 0.0019690340192128563, -0.0022065695101133563, 0.005955757944211205, 0.008066675790166596, -0.0010647703442038987], [0.001948269383314419, 0.0009543866143889106, 0.0016679338720290214, 0.0021423742830071198, 0.0028324237101364884, 0.0005378622696614543, 0.0006794672908230157, 0.002999320637751766, 0.001358659971377291, 0.003753211288440806, 0.0005173291874055459, 0.001555639836586326, 0.0016048417044490382, 0.002499270847912975, 0.0012697777703704234, 0.0006901875897518296, 0.002860282377987328, -0.0019136353246835102, 0.0026230151915475203, -0.0004433597900764509, 0.00399807802651305, 0.001967340368590187, 0.0004461918778466415, -0.0010647703442038987, 0.0059763750927432574]], "1": [[0.0027259925703709137, -0.0023660734419428124, 0.001846697306841464, -2.0206340721586015e-05, 0.00037452489070172716, 0.00018075696254667265, 0.0017918461295336836, 0.0012690619953264306, 0.0023279271531164276, -0.0002692667593456294, -0.00022314423783308194, 0.000180993604413412, -4.336000661961122e-05, 0.00018020529422856378, 0.0019017307837363093, 0.0010207353997606426, 0.0003711794354926229, 0.0008573007955369064, 0.0015264443768322727, 0.0014120288795594518, 0.00021488983320323257, 0.0002799872860861939, 0.0004606795849041545, 0.0007749278377101732, 0.0012582923482913188], [-0.0023660734419428124, 0.033971721212655716, -0.003923355162273921, 0.005209631871318997, 0.0017395309893811334, 0.0021128075083552715, -0.005136428588517888, 0.0006026579744787461, -0.000793704033556475, 0.007208336373143492, 0.0006380584782964632, 0.0008155594196237062, 0.00035069930965134504, -0.0020368581026229413, 0.004039387129491935, -0.00028065838851660087, 0.002471677214009381, 0.0034313970603357005, 0.001290491183034774, -0.0016658241745054101, 0.000999791831734464, -0.0009397037056703159, 0.0013689165512611944, -0.0010970835412755086, -0.0007183372021334941], [0.001846697306841464, -0.003923355162273921, 0.003811131508386535, -0.0002813415981684236, 0.0009487850950634954, 0.0005807472950731533, 0.002995350002256756, 0.0018396863119834394, 0.0017709266388624505, -0.00033689099859120214, 0.00014293014564575765, 0.001780601491520322, -0.0006573875820263087, 0.00021932154367180836, 0.0008099532912873, 0.001516084678572136, 0.00011767484336933372, 0.0009102203159791677, 0.0018729014546464316, 0.0034751477273673942, 0.0008976533048226508, -0.00036669116717974676, 0.0009853284956841942, 0.001940642863436911, 0.000854928571466526], [-2.0206340721586015e-05, 0.005209631871318997, -0.0002813415981684236, 0.002785665506397719, -0.000495845697494519, 5.728926951693651e-06, -0.0007160897439328473, 0.001736717301581263, -0.0004920132130588162, 0.001032439411234584, 0.0009447997200945664, 0.0014831098230712303, 0.0002175233028600689, -0.00019259271740513842, 0.0011629336622121366, 0.001241007497215463, 0.00011319197782978476, 0.0018995684467932124, 0.0018402358567742678, -0.00019586746193147163, 0.001066642937511318, -2.9090207864978933e-05, 0.000987097670101978, -9.079292952186702e-05, 0.0014979073528268874], [0.00037452489070172716, 0.0017395309893811334, 0.0009487850950634954, -0.000495845697494519, 0.003430542153527264, 0.0004947444514083621, 0.0004198270671537887, -0.00023558252025570483, 0.00039357873689092166, 0.0010723864186134803, 4.757627751960435e-05, 0.0010372209599566217, -0.0005781149269190786, 0.00020024778034002076, 0.0004671587698512008, -0.0002456181697270732, 0.0021785202889519515, -0.0009585018447246396, -6.927162443196788e-05, 0.0008982586913465699, -0.0003740233468866592, 0.00020223541923611576, 0.000553265622327899, 0.0012931935633302017, -0.0005653389111327252], [0.00018075696254667265, 0.0021128075083552715, 0.0005807472950731533, 5.728926951693651e-06, 0.0004947444514083621, 0.006228578517808897, 0.0007008527225172774, 0.0015065085114178028, 0.001352369223088948, 0.00010681053420002176, 0.0011871259594497835, 0.004086895931389964, -0.00024031450585884425, 0.002501887590784102, 0.002329444928045203, 0.0014057130971294788, 0.0004969601574479932, 0.0032067682842689543, 0.000497474783422255, 0.0014392766940704248, 0.0007303586230536365, -0.0003555315528414906, 0.001609783463865641, 0.002073728315580773, -0.00045666838323098706], [0.0017918461295336836, -0.005136428588517888, 0.002995350002256756, -0.0007160897439328473, 0.0004198270671537887, 0.0007008527225172774, 0.004321205865475201, 0.0020594321408145865, 0.0013150338022785762, -0.0012661769975794563, 8.811950653977902e-05, 0.0016536325248239065, 0.0002648948563337916, 0.000937988729032793, 0.0007186261616469996, 0.0014950944106110237, 0.0005721309430286259, 0.0018909694972063134, 0.0019955519705154964, 0.0028141345833335085, 0.0006579219706119824, -0.0004065588431734329, 0.0015547365160209397, 0.001763583150776773, 0.0007092300846082756], [0.0012690619953264306, 0.0006026579744787461, 0.0018396863119834394, 0.001736717301581263, -0.00023558252025570483, 0.0015065085114178028, 0.0020594321408145865, 0.003592153703421343, 0.000704497341519176, -0.0005937266393085436, 0.0009744206509134835, 0.0017257982651315259, 0.00048792143601814275, -0.0002455646944137751, 0.0014484036567777923, 0.002398640814418417, -7.367674826596415e-05, 0.0033331009963462775, 0.0031507646528813418, 0.0022521710379832744, 0.001569135364028647, -0.00016237466358988783, 0.0018290793443826382, 0.0012916871319497444, 0.002308905380467496], [0.0023279271531164276, -0.000793704033556475, 0.0017709266388624505, -0.0004920132130588162, 0.00039357873689092166, 0.001352369223088948, 0.0013150338022785762, 0.000704497341519176, 0.0038275196346335507, 0.0010126139355218797, 0.00029899934356077064, 0.00036114967555647855, -0.0006037886874879748, 0.0016713078858455522, 0.0026665253499739494, 0.0013511090520474623, -0.00018272100055405339, 0.001607805310656313, 0.00058818872775372, 0.0011708803211251185, 0.00020621152040733532, 0.000761241092952999, 0.00042414778100758016, 0.0004710575034276204, 0.000870329155534312], [-0.0002692667593456294, 0.007208336373143492, -0.00033689099859120214, 0.001032439411234584, 0.0010723864186134803, 0.00010681053420002176, -0.0012661769975794563, -0.0005937266393085436, 0.0010126139355218797, 0.007496032418859836, 7.779015170788783e-05, 0.0016530520185051463, -0.0002740740172390967, 0.0023593921853447093, 0.0014011829721709988, -0.0005630688338983088, 0.00029121725046901134, -0.00017846558429762048, 0.0007751521184281996, -0.0002639124091710221, 0.00039317446196225137, -1.392729357622066e-05, 2.1770043898567354e-05, 0.0007132652768599207, -0.0010418748725362545], [-0.00022314423783308194, 0.0006380584782964632, 0.00014293014564575765, 0.0009447997200945664, 4.757627751960435e-05, 0.0011871259594497835, 8.811950653977902e-05, 0.0009744206509134835, 0.00029899934356077064, 7.779015170788783e-05, 0.0025294144156796177, 0.0017807367732147563, -0.0006380849302665502, 0.002903381292860745, -0.000610269740972746, 0.00137633469929807, 0.00019537526788740921, 0.0014847216321550497, 0.0004634453297058471, 0.0001504954982127134, 0.0005180014466941078, 0.0004778834745154571, 0.0010271433044268864, 0.00030665932772831457, 0.000541387506635544], [0.000180993604413412, 0.0008155594196237062, 0.001780601491520322, 0.0014831098230712303, 0.0010372209599566217, 0.004086895931389964, 0.0016536325248239065, 0.0017257982651315259, 0.00036114967555647855, 0.0016530520185051463, 0.0017807367732147563, 0.010912952371493667, 0.00030241536703136705, 0.004150075085884126, 0.0015568315026179003, 0.0011014843645451434, 0.0021526145682988023, 0.0023243229193758317, 0.001299346931371789, 0.0023629819176501895, 0.0005922772055833874, -0.00035647280832780664, 0.0020295436529689103, 0.001882029184705871, 0.00010895080232257476], [-4.336000661961122e-05, 0.00035069930965134504, -0.0006573875820263087, 0.0002175233028600689, -0.0005781149269190786, -0.00024031450585884425, 0.0002648948563337916, 0.00048792143601814275, -0.0006037886874879748, -0.0002740740172390967, -0.0006380849302665502, 0.00030241536703136705, 0.0019756808548945628, -0.00010268380353507429, -0.0005376303455713835, -2.022960974894142e-05, -0.00015640637769031226, -0.00013895578019332484, 0.0003701578404461236, -0.0002903835116254791, -0.00024047273576402922, -0.000575845714068657, -0.0002317842272370905, -0.0007419157261696277, 0.0002634063661651111], [0.00018020529422856378, -0.0020368581026229413, 0.00021932154367180836, -0.00019259271740513842, 0.00020024778034002076, 0.002501887590784102, 0.000937988729032793, -0.0002455646944137751, 0.0016713078858455522, 0.0023593921853447093, 0.002903381292860745, 0.004150075085884126, -0.00010268380353507429, 0.011159671843866351, -0.00011246703806338861, 0.0020921580860845147, 0.0012879042437663089, 4.151569477075142e-05, -0.0005820891330438996, -0.0007361021701937712, -0.0005036448650912762, 0.0004653599585650271, 0.0010925477218311237, 0.0014734117711416965, -0.0007705795389268575], [0.0019017307837363093, 0.004039387129491935, 0.0008099532912873, 0.0011629336622121366, 0.0004671587698512008, 0.002329444928045203, 0.0007186261616469996, 0.0014484036567777923, 0.0026665253499739494, 0.0014011829721709988, -0.000610269740972746, 0.0015568315026179003, -0.0005376303455713835, -0.00011246703806338861, 0.007132358377959128, 0.0014245652257979394, -2.2835202763438534e-05, 0.0033428044172519765, 0.0017003329042709111, 0.00048170559910150996, 0.000693698735340682, 7.117536243681084e-05, 0.0010236364627569904, 0.0012501859967700393, 0.0015821081655763005], [0.0010207353997606426, -0.00028065838851660087, 0.001516084678572136, 0.001241007497215463, -0.0002456181697270732, 0.0014057130971294788, 0.0014950944106110237, 0.002398640814418417, 0.0013511090520474623, -0.0005630688338983088, 0.00137633469929807, 0.0011014843645451434, -2.022960974894142e-05, 0.0020921580860845147, 0.0014245652257979394, 0.0032652180351099023, -0.00028008001676080204, 0.0026215713037597154, 0.0018743530662960403, 0.0010418637750736269, 0.0012624757931795538, 1.8140974649699004e-05, 0.0012943693382446283, 0.0007137455344780376, 0.001653399014366242], [0.0003711794354926229, 0.002471677214009381, 0.00011767484336933372, 0.00011319197782978476, 0.0021785202889519515, 0.0004969601574479932, 0.0005721309430286259, -7.367674826596415e-05, -0.00018272100055405339, 0.00029121725046901134, 0.00019537526788740921, 0.0021526145682988023, -0.00015640637769031226, 0.0012879042437663089, -2.2835202763438534e-05, -0.00028008001676080204, 0.0042480859826689605, -0.0004867141333873839, -4.660143804511382e-05, -0.00014204644616607506, -0.00020194191014454474, 0.00022917556914105847, 0.001502788957017305, 0.0006814825409541812, -5.743653053281592e-05], [0.0008573007955369064, 0.0034313970603357005, 0.0009102203159791677, 0.0018995684467932124, -0.0009585018447246396, 0.0032067682842689543, 0.0018909694972063134, 0.0033331009963462775, 0.001607805310656313, -0.00017846558429762048, 0.0014847216321550497, 0.0023243229193758317, -0.00013895578019332484, 4.151569477075142e-05, 0.0033428044172519765, 0.0026215713037597154, -0.0004867141333873839, 0.006897720309575419, 0.002923981659304972, 0.0009862825278279769, 0.001990356047238283, -0.00019544212670768895, 0.0020054373585807286, 0.002141863450071927, 0.0018224055741921108], [0.0015264443768322727, 0.001290491183034774, 0.0018729014546464316, 0.0018402358567742678, -6.927162443196788e-05, 0.000497474783422255, 0.0019955519705154964, 0.0031507646528813418, 0.00058818872775372, 0.0007751521184281996, 0.0004634453297058471, 0.001299346931371789, 0.0003701578404461236, -0.0005820891330438996, 0.0