{"data_info": {"amount_data_sets": 12, "time_frame": "2020-12-01 - 2021-12-01", "ordered_list_data_sets": ["MSFT", "BIDU", "ADBE", "PCAR", "NVDA", "SBUX", "INTU", "ADP", "AMZN", "EBAY", "AMGN", "QCOM"], "investor_base_currency": "USD", "dict_periods": {"0": "2020-12-01", "1": "2021-01-04", "2": "2021-02-01", "3": "2021-03-01", "4": "2021-04-01", "5": "2021-05-03", "6": "2021-06-01", "7": "2021-07-01", "8": "2021-08-02", "9": "2021-09-01", "10": "2021-10-01", "11": "2021-11-01", "12": "2021-12-01"}}, "data_ordered_returns": {"0": [0.06860080067216923, 0.04632599776202895, 0.07688677125005605, -0.017449060002251437, 0.06432446396280023, 0.14947074560893325, 0.12767840212375958, 0.08181592964201645, 0.07175950580466495, 0.05535826195947369, 0.022115253621542985, 0.22013390336371708], "1": [0.006845196799407871, 0.5457008412947386, 0.012918710216007545, -0.021447671534457258, -0.0206497386109038, 0.043311070633474946, 0.041701698335295134, -0.03269021583557552, -0.010387940672281326, 0.01939825811559781, 0.00701972631953085, -0.01824672748909162], "2": [0.10087739446001187, 0.1157287822878228, -0.03160670869905624, 0.07625118035882927, 0.009417775574789511, -0.04384093113482057, 0.005057842345977948, -0.015447443181818232, 0.04903299096537728, 0.13533980582524263, 0.060751786817259346, 0.0880808080808082], "3": [-0.011308157730023027, 0.2219603952209681, -0.0009148936170212396, 0.027856986181179932, 0.04568633376142617, 0.08409413674173272, 0.08787943680068544, 0.06702735196874055, -0.05885344373713686, 0.0001710278775439722, -0.05569188537204184, -0.1367124644139126], "4": [0.02283278467122485, -0.25671560998714393, 0.029324701322486435, -0.018032437046521577, -0.0021673560062852593, 0.02348647889959765, -0.027509165620924647, 0.0670422535211268, 0.004723248170774408, 0.07917236662106708, 0.0974718111346018, -0.012187253566564027], "5": [0.03924076748504235, -0.0671825216203914, 0.04162701204121322, -0.013473867217211777, 0.07421217441671035, 0.057963064545620835, 0.040761075829263804, 0.010876451953537591, 0.07133502056311292, -0.07859293297417214, -0.015210498856202515, -0.002612671456564186], "6": [-0.01770825061542125, -0.015223967990631415, -0.014996226115282174, 0.01839409626610844, 0.09623064350346278, -0.02056688558589692, 0.06641707589828383, 0.027420871200250607, -0.049561640518648975, 0.055374032674118556, -0.048088678783926864, -0.025394746416357528], "7": [0.09781729991915933, -0.0017837677138042851, 0.17910507955072497, -0.03969284014709051, 0.24270650803898053, 0.0006176107287805266, 0.11943190625997357, 0.015759239489604004, 0.06658692308887249, 0.1373635326706859, 0.05702543025943996, 0.05121696281917276], "8": [0.04867452135493355, -0.17298719348754088, 0.058180698784054075, -0.07534632278409747, -0.022857708292103762, 0.06137024953707804, 0.07424905814071892, 0.048245833541864735, -0.029563322720559726, -0.016762177650429866, -0.028797083839611215, 0.0572443181818183], "9": [0.05972192963977241, -0.008582918192185374, 0.07618585858585858, 0.006820950060901332, 0.13625316455696201, -0.024258536180111312, 0.06752478625997616, -0.012365719742181813, 0.04428062002473365, 0.10957307300014585, -0.06855998999124235, -0.016189708450893625], "10": [-0.04217605937116908, -0.08233442305363847, -0.13278469416870653, -0.038833776917493235, -0.07570963860790525, -0.03856960408684551, -0.03402411521318338, -0.023494150633278643, -0.05626329405001429, -0.08194353250164166, -0.042220729796283885, -0.12113349265961071], "11": [0.13929436181252153, 0.12363108589523675, 0.10862901968933447, 0.146507237256136, 0.24515475846109336, -0.02763018065887357, 0.11919774987591203, 0.09970297029702957, 0.01061445027198582, 0.09140323272779294, -0.019306282722513113, 0.04739336492891], "12": [0.0021556304460028652, -0.12617426021606382, 0.0268822243049045, -0.09485124602041939, 0.21713710458047797, -0.010382513661202242, 0.09047157569685127, 0.02129287836499505, 0.037855887839764124, -0.1243774574049803, -0.04285237618570947, 0.30279652844744454]}, "data_statistics_mean": {"0": [0.06993869941659447, 0.04900525133363076, 0.08063477572886091, -0.015456925355175177, 0.07181374353352599, 0.1426313141830562, 0.12587818453247868, 0.08094815549606016, 0.07468131690838731, 0.059667651249706855, 0.024465734557173824, 0.21057653337403637], "1": [0.0081234839774732, 0.454914808972411, 0.014667634346979708, -0.020349730974840274, -0.01921005644083018, 0.045391497946874804, 0.04294887301708983, -0.031476856976219714, -0.008624723754977137, 0.022759732268125554, 0.008210229318109552, -0.013101549402551703], "2": [0.09944783364758847, 0.13764038316952998, -0.028848401762110787, 0.08061593236125186, 0.01639238529693776, -0.0412343916824921, 0.008590205333684486, -0.014587306981976744, 0.051234417828457286, 0.1308285873346191, 0.060940944737832736, 0.08933139151300751], "3": [-0.01014663411654637, 0.2222828252529696, 0.0016475509044255876, 0.03000479680185275, 0.05425934869053706, 0.08385040696370516, 0.0899359575220684, 0.06685000572270505, -0.058824486564689075, 0.004883823649903475, -0.05642790317215285, -0.1396297014816339], "4": [0.025753035601908114, -0.25182497136331494, 0.03469182834773066, -0.015139377804004317, 0.010595221459436366, 0.025140007659494753, -0.02212127572821465, 0.06783419297808724, 0.007882716385058885, 0.08315671299647964, 0.09499662227440009, -0.003797033700133068], "5": [0.04001672512175214, -0.06560680237171246, 0.04207717717869597, -0.011623189700169288, 0.07809659762187504, 0.058037114141125445, 0.041786937380984934, 0.013141028068152094, 0.07071861505710919, -0.07368204499430764, -0.011382118555941179, 0.0012503909141662328], "6": [-0.015982261334336667, -0.01035759823867699, -0.012676540215724397, 0.020467086366221854, 0.09823923335166795, -0.01962223469872304, 0.06728958394188556, 0.028196372592247165, -0.049016889601714686, 0.05756406889568144, -0.04812233622125528, -0.021766002445690047], "7": [0.09423695022315648, 0.0019076379909780394, 0.16731290183334468, -0.038976841447495914, 0.22179581684295316, 0.0012715105824570028, 0.11393539948077547, 0.016437145471539516, 0.06583705788800387, 0.13133259347785986, 0.05610653219991146, 0.05151196830742245], "8": [0.04838906354377315, -0.18070927141164775, 0.05721172639015593, -0.07673261084156535, -0.018159079161882086, 0.06193532540176139, 0.07240528369320931, 0.04782509586126138, -0.024846591876203084, -0.01266545556162735, -0.028672066396620233, 0.059000389694270676], "9": [0.05900136886865038, 0.0011506870188563445, 0.07431041544387762, 0.00809308924458052, 0.1334114875081761, -0.02386339020448791, 0.06627847089622951, -0.011263242178886303, 0.0444489257576961, 0.10896159897853919, -0.06766701546883924, -0.015221023272217193], "10": [-0.0412386323983438, -0.08256320344032986, -0.1395531704782903, -0.03770474401086665, -0.07507508701248466, -0.037570904951271245, -0.032335269879091966, -0.02260308595709537, -0.056685417684188666, -0.08305065091499941, -0.04186326185528933, -0.1274935159730276], "11": [0.13257582692861736, 0.1247670942326824, 0.10543018957612094, 0.1395361082025155, 0.22575325599716223, -0.02485623594401376, 0.11534201184187809, 0.0961959929671803, 0.013073268804678295, 0.0952346275475976, -0.01816229345068765, 0.047894430376591135], "12": [0.0033106592518445943, -0.12824975038472552, 0.030181301525636806, -0.09744774249562227, 0.21429105305083426, -0.008158135406649447, 0.09756467700354032, 0.02253759874261907, 0.040566152344801654, -0.1292123278601358, -0.042198910618331364, 0.28019338622463663]}, "data_statistics_cov": {"0": [[0.0073765298634871825, 0.004227196105493378, 0.008617825254406207, -0.0004452095851350472, 0.0097146733045651, 0.0015828508080649448, 0.006923653810672982, 1.8652182733736895e-05, 0.008176630729769867, 0.0045763258426772336, 0.0018702433269401518, 0.00876651093962152], [0.004227196105493378, 0.007739775266855359, 0.003995193924089613, -0.0012154645346366955, 0.004092779049027905, 0.0021658962332847865, 0.0041743738636914225, 0.0004143532898904337, 0.004428338520805951, 6.406708375134239e-06, 0.004329435109124158, 0.005750639782661249], [0.008617825254406207, 0.003995193924089613, 0.013645323305584323, -0.0026990018980904023, 0.013114297801189154, 0.0003392523606276563, 0.008724195917142857, -0.0018908904395438825, 0.011552645026653978, 0.005430439262848348, 0.0020139646528742903, 0.007686152458353307], [-0.0004452095851350472, -0.0012154645346366955, -0.0026990018980904023, 0.004503147801476818, -0.00199225737916132, 0.0013831428498378231, -0.0005781420813747164, 0.002041801957884789, -0.0020613398783222553, 0.002858876303371573, -0.0011288527438227133, 0.0022235238513262524], [0.0097146733045651, 0.004092779049027905, 0.013114297801189154, -0.00199225737916132, 0.01957629011059043, -0.00021797153133724896, 0.009041271978209794, -0.0009808333272360603, 0.012665745946101009, 0.007333014321784933, 8.980701213345536e-05, 0.010473074899926332], [0.0015828508080649448, 0.0021658962332847865, 0.0003392523606276563, 0.0013831428498378231, -0.00021797153133724896, 0.006097242403715315, 0.00512737058689005, 0.0031727437507266575, -2.5873269664204413e-05, 0.0001905305953006756, 0.0013138596032570924, 0.0023042353718710257], [0.006923653810672982, 0.0041743738636914225, 0.008724195917142857, -0.0005781420813747164, 0.009041271978209794, 0.00512737058689005, 0.011253510800144063, 0.0010816634865267933, 0.0072621389950433355, 0.003823430714629329, 0.0023069040889007256, 0.007100632401116348], [1.8652182733736895e-05, 0.0004143532898904337, -0.0018908904395438825, 0.002041801957884789, -0.0009808333272360603, 0.0031727437507266575, 0.0010816634865267933, 0.004565415681069245, -0.001599117506776531, 0.0014555059277933772, 0.0005051572657290622, -0.0005476737477833754], [0.008176630729769867, 0.004428338520805951, 0.011552645026653978, -0.0020613398783222553, 0.012665745946101009, -2.5873269664204413e-05, 0.0072621389950433355, -0.001599117506776531, 0.011124688800626, 0.005047528184704916, 0.0019196382588656232, 0.008561054459459982], [0.0045763258426772336, 6.406708375134239e-06, 0.005430439262848348, 0.002858876303371573, 0.007333014321784933, 0.0001905305953006756, 0.003823430714629329, 0.0014555059277933772, 0.005047528184704916, 0.01199912749678886, -0.0022750588896554417, 0.0066491536910004865], [0.0018702433269401518, 0.004329435109124158, 0.0020139646528742903, -0.0011288527438227133, 8.980701213345536e-05, 0.0013138596032570924, 0.0023069040889007256, 0.0005051572657290622, 0.0019196382588656232, -0.0022750588896554417, 0.005502478916381928, 0.0016947013285286815], [0.00876651093962152, 0.005750639782661249, 0.007686152458353307, 0.0022235238513262524, 0.010473074899926332, 0.0023042353718710257, 0.007100632401116348, -0.0005476737477833754, 0.008561054459459982, 0.0066491536910004865, 0.0016947013285286815, 0.023597545857219238]], "1": [[0.0027259925703709137, -0.0023660734419428124, 0.001846697306841464, -2.0206340721586015e-05, 0.00037452489070172716, 0.00018075696254667265, 0.0017918461295336836, 0.0012690619953264306, 0.0023279271531164276, -0.0002692667593456294, -0.00022314423783308194, 0.000180993604413412], [-0.0023660734419428124, 0.033971721212655716, -0.003923355162273921, 0.005209631871318997, 0.0017395309893811334, 0.0021128075083552715, -0.005136428588517888, 0.0006026579744787461, -0.000793704033556475, 0.007208336373143492, 0.0006380584782964632, 0.0008155594196237062], [0.001846697306841464, -0.003923355162273921, 0.003811131508386535, -0.0002813415981684236, 0.0009487850950634954, 0.0005807472950731533, 0.002995350002256756, 0.0018396863119834394, 0.0017709266388624505, -0.00033689099859120214, 0.00014293014564575765, 0.001780601491520322], [-2.0206340721586015e-05, 0.005209631871318997, -0.0002813415981684236, 0.002785665506397719, -0.000495845697494519, 5.728926951693651e-06, -0.0007160897439328473, 0.001736717301581263, -0.0004920132130588162, 0.001032439411234584, 0.0009447997200945664, 0.0014831098230712303], [0.00037452489070172716, 0.0017395309893811334, 0.0009487850950634954, -0.000495845697494519, 0.003430542153527264, 0.0004947444514083621, 0.0004198270671537887, -0.00023558252025570483, 0.00039357873689092166, 0.0010723864186134803, 4.757627751960435e-05, 0.0010372209599566217], [0.00018075696254667265, 0.0021128075083552715, 0.0005807472950731533, 5.728926951693651e-06, 0.0004947444514083621, 0.006228578517808897, 0.0007008527225172774, 0.0015065085114178028, 0.001352369223088948, 0.00010681053420002176, 0.0011871259594497835, 0.004086895931389964], [0.0017918461295336836, -0.005136428588517888, 0.002995350002256756, -0.0007160897439328473, 0.0004198270671537887, 0.0007008527225172774, 0.004321205865475201, 0.0020594321408145865, 0.0013150338022785762, -0.0012661769975794563, 8.811950653977902e-05, 0.0016536325248239065], [0.0012690619953264306, 0.0006026579744787461, 0.0018396863119834394, 0.001736717301581263, -0.00023558252025570483, 0.0015065085114178028, 0.0020594321408145865, 0.003592153703421343, 0.000704497341519176, -0.0005937266393085436, 0.0009744206509134835, 0.0017257982651315259], [0.0023279271531164276, -0.000793704033556475, 0.0017709266388624505, -0.0004920132130588162, 0.00039357873689092166, 0.001352369223088948, 0.0013150338022785762, 0.000704497341519176, 0.0038275196346335507, 0.0010126139355218797, 0.00029899934356077064, 0.00036114967555647855], [-0.0002692667593456294, 0.007208336373143492, -0.00033689099859120214, 0.001032439411234584, 0.0010723864186134803, 0.00010681053420002176, -0.0012661769975794563, -0.0005937266393085436, 0.0010126139355218797, 0.007496032418859836, 7.779015170788783e-05, 0.0016530520185051463], [-0.00022314423783308194, 0.0006380584782964632, 0.00014293014564575765, 0.0009447997200945664, 4.757627751960435e-05, 0.0011871259594497835, 8.811950653977902e-05, 0.0009744206509134835, 0.00029899934356077064, 7.779015170788783e-05, 0.0025294144156796177, 0.0017807367732147563], [0.000180993604413412, 0.0008155594196237062, 0.001780601491520322, 0.0014831098230712303, 0.0010372209599566217, 0.004086895931389964, 0.0016536325248239065, 0.0017257982651315259, 0.00036114967555647855, 0.0016530520185051463, 0.0017807367732147563, 0.010912952371493667]], "2": [[0.006562230347162685, 0.006296206394232153, 0.005456416162265759, -0.0016400924276154334, 0.00560190973087351, 0.0025455452917609606, 0.0048470770003487705, 0.0018296990965481783, 0.004956839212434278, -0.0006472556431629422, 0.00044682951187759103, 0.00290776770615121], [0.006296206394232153, 0.06070769683743764, 0.010406972293561917, -0.004635895120033607, 0.003029801458305942, 0.007547478932779014, 0.009607917483313747, 0.005023194106752325, 0.008230312974678522, 0.006676962978963901, 0.004811627084722747, 0.008781487192606963], [0.005456416162265759, 0.010406972293561917, 0.006804254640318987, -0.0008294933721880468, 0.0070880151995040075, 0.004224765781539167, 0.004467412744107391, 0.001425308114826219, 0.006069841867988025, 0.0004215660002716546, 0.0007928784959909302, 0.004263754250322813], [-0.0016400924276154334, -0.004635895120033607, -0.0008294933721880468, 0.015453616297059077, 0.002434689379319347, 0.0004201449471039797, -0.0028918850912431336, -0.0010777879637221823, 0.000863371916338332, 0.0025592330800654484, 0.0017842946910392942, 0.0002438600123804697], [0.00560190973087351, 0.003029801458305942, 0.0070880151995040075, 0.002434689379319347, 0.014788028237106166, 0.0025814353929797815, 0.004454569373206127, 6.536190644078048e-05, 0.005935863703201436, -0.0018005757332794949, -0.0008341655465796616, 0.007066173092454153], [0.0025455452917609606, 0.007547478932779014, 0.004224765781539167, 0.0004201449471039797, 0.0025814353929797815, 0.0073154813979494325, 0.004417679983782662, 0.00038606822384497494, 0.004667150013136272, 0.0021271775491196895, 0.0035391672758814186, 0.004514977650804776], [0.0048470770003487705, 0.009607917483313747, 0.004467412744107391, -0.0028918850912431336, 0.004454569373206127, 0.004417679983782662, 0.007508681908974756, 0.001132048167476103, 0.003983309885892504, 0.0009619839888968778, 0.0018918179236660246, 0.005662143426369475], [0.0018296990965481783, 0.005023194106752325, 0.001425308114826219, -0.0010777879637221823, 6.536190644078048e-05, 0.00038606822384497494, 0.001132048167476103, 0.0020426259992807967, 0.0007363586251798669, 0.0012894096098416755, 3.592070507817234e-05, -0.00035749728622654477], [0.004956839212434278, 0.008230312974678522, 0.006069841867988025, 0.000863371916338332, 0.005935863703201436, 0.004667150013136272, 0.003983309885892504, 0.0007363586251798669, 0.007046441595301243, 0.0013857939613524518, 0.0010180599695563289, 0.004342821006286975], [-0.0006472556431629422, 0.006676962978963901, 0.0004215660002716546, 0.0025592330800654484, -0.0018005757332794949, 0.0021271775491196895, 0.0009619839888968778, 0.0012894096098416755, 0.0013857939613524518, 0.007379826510417068, 0.0016727627992730101, 0.0013278092642439784], [0.00044682951187759103, 0.004811627084722747, 0.0007928784959909302, 0.0017842946910392942, -0.0008341655465796616, 0.0035391672758814186, 0.0018918179236660246, 3.592070507817234e-05, 0.0010180599695563289, 0.0016727627992730101, 0.0039333711468754265, 0.0018566880752814358], [0.00290776770615121, 0.008781487192606963, 0.004263754250322813, 0.0002438600123804697, 0.007066173092454153, 0.004514977650804776, 0.005662143426369475, -0.00035749728622654477, 0.004342821006286975, 0.0013278092642439784, 0.0018566880752814358, 0.009926973477204578]], "3": [[0.002567728088611613, -0.00015441816578896613, 0.002295451465985006, 0.0016764343468224834, 0.0037668830723895184, 0.0012457272402650473, 0.0032965909525541834, 0.00027934737814377437, 0.0017552341231638702, 0.0017177705978111734, 3.5192232778136194e-05, 0.002880716675241464], [-0.00015441816578896613, 0.045161814481278546, 0.0024162799953064908, 0.005915354871284333, 0.00798138615589993, -0.0025377649079954766, 0.004535855019294544, -0.0060448617764384165, -0.0016436010101721274, 0.004289190832929627, 0.0005959700465275642, 0.0024280805532618773], [0.002295451465985006, 0.0024162799953064908, 0.005389260245579508, 0.0020379863683179667, 0.006600968779044833, 0.00344898487846013, 0.007002103912164135, 0.0017376194661555889, 0.002729240858388285, 0.0023640080894639093, 0.00017720473822756044, 0.0031980070564739047], [0.0016764343468224834, 0.005915354871284333, 0.0020379863683179667, 0.0053581456915046686, 0.0018596600040274316, -0.0004817707987326315, 0.0028328588975452484, 0.00047243256498943773, -0.00022900263869775206, 0.0021456390626865478, 0.00024713296956913386, 0.0005720337923600878], [0.0037668830723895184, 0.00798138615589993, 0.006600968779044833, 0.0018596600040274316, 0.019862370668555514, 0.00460821625760356, 0.01094466113993591, 0.0006713167437784041, 0.0026940561853057666, 0.004553092391848159, -0.00020719962049059945, 0.00724642626772353], [0.0012457272402650473, -0.0025377649079954766, 0.00344898487846013, -0.0004817707987326315, 0.00460821625760356, 0.0062799392418077206, 0.0035485327574095414, 0.0006229277730762357, 0.0019253105643773027, -0.00015494908195557558, -0.0010646542162215183, 0.0004572164339684525], [0.0032965909525541834, 0.004535855019294544, 0.007002103912164135, 0.0028328588975452484, 0.01094466113993591, 0.0035485327574095414, 0.011560402244217461, 0.0029205976139195394, 0.003688127589037116, 0.004195696931620428, 0.00039702688236182274, 0.004491706346042765], [0.00027934737814377437, -0.0060448617764384165, 0.0017376194661555889, 0.00047243256498943773, 0.0006713167437784041, 0.0006229277730762357, 0.0029205976139195394, 0.00395876846835037, 0.0013331203393317026, 0.0009835691195753788, 0.0003766542738721272, -0.00013440857054492915], [0.0017552341231638702, -0.0016436010101721274, 0.002729240858388285, -0.00022900263869775206, 0.0026940561853057666, 0.0019253105643773027, 0.003688127589037116, 0.0013331203393317026, 0.0036342009105281518, 0.0026962458288482785, 0.0009563659295365717, 0.0014131220643140727], [0.0017177705978111734, 0.004289190832929627, 0.0023640080894639093, 0.0021456390626865478, 0.004553092391848159, -0.00015494908195557558, 0.004195696931620428, 0.0009835691195753788, 0.0026962458288482785, 0.010009019488285923, 0.0016390366258258683, -0.003292324179290178], [3.5192232778136194e-05, 0.0005959700465275642, 0.00017720473822756044, 0.00024713296956913386, -0.00020719962049059945, -0.0010646542162215183, 0.00039702688236182274, 0.0003766542738721272, 0.0009563659295365717, 0.0016390366258258683, 0.001659757052586591, 0.00023294945488615019], [0.002880716675241464, 0.0024280805532618773, 0.0031980070564739047, 0.0005720337923600878, 0.00724642626772353, 0.0004572164339684525, 0.004491706346042765, -0.00013440857054492915, 0.0014131220643140727, -0.003292324179290178, 0.00023294945488615019, 0.013914099979764135]], "4": [[0.006636039261946453, 0.014972330124357785, 0.00766885633812344, -4.218104812175831e-05, 0.011086314561365822, 0.0017757855585364497, 0.00755469582986263, 0.002436625924689713, 0.005676283198179858, 0.006048224173046323, 0.0020621674118851277, 0.009346530809419865], [0.014972330124357785, 0.08839338361718675, 0.022970301491968884, 0.004047495368053326, 0.0359428601057526, 0.004367503433598079, 0.02181801594152483, 0.0006085363835686259, 0.0165924766618026, 0.02116702384506118, 0.0032415521405008835, 0.027187641078728824], [0.00766885633812344, 0.022970301491968884, 0.012059544918373927, 0.0017512556050510587, 0.016477130835684986, 0.0029153517646608655, 0.01030866793725501, 0.002589605101130049, 0.007316764574829086, 0.009770799907022575, 0.0025574290928204743, 0.013558106399931902], [-4.218104812175831e-05, 0.004047495368053326, 0.0017512556050510587, 0.006339693295538176, 0.003822119316585429, 0.0014896936568546994, 0.0025836928481385558, 0.0031659854707299546, 0.0005580552541000686, 0.003330318654637591, 0.001662544704962778, 0.002937921410999451], [0.011086314561365822, 0.0359428601057526, 0.016477130835684986, 0.003822119316585429, 0.026707947533697908, 0.004173486714602247, 0.016131825982000678, 0.004000951574686493, 0.011676650441400744, 0.014683148257631257, 0.0038960302916096184, 0.020241342843618438], [0.0017757855585364497, 0.004367503433598079, 0.0029153517646608655, 0.0014896936568546994, 0.004173486714602247, 0.0040082953843266645, 0.002122069958653238, 0.0018276344831913674, 0.0012189203356073562, 0.0030383119208695054, 0.0015912092274216764, 0.004373929639465671], [0.00755469582986263, 0.02181801594152483, 0.01030866793725501, 0.0025836928481385558, 0.016131825982000678, 0.002122069958653238, 0.012039403561737268, 0.0025152588423870766, 0.007865326111822465, 0.008619835127687903, 0.0017918074154343023, 0.0126184426745922], [0.002436625924689713, 0.0006085363835686259, 0.002589605101130049, 0.0031659854707299546, 0.004000951574686493, 0.0018276344831913674, 0.0025152588423870766, 0.00602942520973495, 0.0012722084233418118, 0.004089050177160145, 0.003339854814342558, 0.003959868399515617], [0.005676283198179858, 0.0165924766618026, 0.007316764574829086, 0.0005580552541000686, 0.011676650441400744, 0.0012189203356073562, 0.007865326111822465, 0.0012722084233418118, 0.0066238366484597695, 0.006561029280016354, 0.0014323145784390055, 0.008692716683095139], [0.006048224173046323, 0.02116702384506118, 0.009770799907022575, 0.003330318654637591, 0.014683148257631257, 0.0030383119208695054, 0.008619835127687903, 0.004089050177160145, 0.006561029280016354, 0.014324656528063556, 0.003317267674464779, 0.013232600229082543], [0.0020621674118851277, 0.0032415521405008835, 0.0025574290928204743, 0.001662544704962778, 0.0038960302916096184, 0.0015912092274216764, 0.0017918074154343023, 0.003339854814342558, 0.0014323145784390055, 0.003317267674464779, 0.0037797500634149475, 0.0041019777628211315], [0.009346530809419865, 0.027187641078728824, 0.013558106399931902, 0.002937921410999451, 0.020241342843618438, 0.004373929639465671, 0.0126184426745922, 0.003959868399515617, 0.008692716683095139, 0.013232600229082543, 0.0041019777628211315, 0.017682092790642]], "5": [[0.0031294129305859627, 0.0011057519576379185, 0.0020778668851157193, 0.0018777685659389285, 0.0037122653938955275, 0.0018640768901909365, 0.0022384763698282363, 0.002413852354884665, 0.0017087752607954927, 0.0023852429031461712, 0.0032471607085738994, 0.002430687204561483], [0.0011057519576379185, 0.008033076772745593, 0.0008646227148676736, 2.82600453435193e-05, -0.0008466754164677914, 0.0011266981763427724, 0.0014908880520598429, 0.0003628416756495831, 0.00019799530729096198, 0.0004369726598219176, -0.001304304488253942, 0.0008073603438666958], [0.0020778668851157193, 0.0008646227148676736, 0.002642574013693813, 0.001832625612103312, 0.004712358179870683, 0.00133978764063359, 0.0024456411117282396, 0.0009848265305454568, 0.0019565754271685357, 0.0017452703160045987, 0.000799043489454182, 0.002661674773832088], [0.0018777685659389285, 2.82600453435193e-05, 0.001832625612103312, 0.0040686233505688625, 0.005155860147421674, 0.0016069365021827479, 0.002267278009411698, 0.0018867470738840899, 0.0015546880812824047, 0.001098476729269819, 0.0010706252592398444, 0.0036409642186058877], [0.0037122653938955275, -0.0008466754164677914, 0.004712358179870683, 0.005155860147421674, 0.013570628886657526, 0.0022311711148708386, 0.004322602403099031, 0.0012730143141335504, 0.004066956245646645, 0.004053460151388927, 0.0018309400306830916, 0.00512402819702852], [0.0018640768901909365, 0.0011266981763427724, 0.00133978764063359, 0.0016069365021827479, 0.0022311711148708386, 0.0033775696237358785, 0.0007500005821286183, 0.002422922281032156, 0.00013914609110767388, -0.0006800500344115535, 0.0030521978816416013, 0.001854983331972127], [0.0022384763698282363, 0.0014908880520598429, 0.0024456411117282396, 0.002267278009411698, 0.004322602403099031, 0.0007500005821286183, 0.0037626696253470833, 0.00125242389039044, 0.002124318301247568, 0.0018818425501300141, 0.0007065937602131673, 0.0033091395082073282], [0.002413852354884665, 0.0003628416756495831, 0.0009848265305454568, 0.0018867470738840899, 0.0012730143141335504, 0.002422922281032156, 0.00125242389039044, 0.0048016433385987935, -0.0005890928484516368, 0.0009568648007223031, 0.004646346456361522, 0.001761909511851967], [0.0017087752607954927, 0.00019799530729096198, 0.0019565754271685357, 0.0015546880812824047, 0.004066956245646645, 0.00013914609110767388, 0.002124318301247568, -0.0005890928484516368, 0.0035663433707287216, 0.0010521708481914794, -0.000752428656514038, 0.0033054728861980583], [0.0023852429031461712, 0.0004369726598219176, 0.0017452703160045987, 0.001098476729269819, 0.004053460151388927, -0.0006800500344115535, 0.0018818425501300141, 0.0009568648007223031, 0.0010521708481914794, 0.016156109503310975, 0.0019105336798783963, -0.002234885106829275], [0.0032471607085738994, -0.001304304488253942, 0.000799043489454182, 0.0010706252592398444, 0.0018309400306830916, 0.0030521978816416013, 0.0007065937602131673, 0.004646346456361522, -0.000752428656514038, 0.0019105336798783963, 0.008022426293258372, 0.0005919754764113704], [0.002430687204561483, 0.0008073603438666958, 0.002661674773832088, 0.0036409642186058877, 0.00512402819702852, 0.001854983331972127, 0.0033091395082073282, 0.001761909511851967, 0.0033054728861980583, -0.002234885106829275, 0.0005919754764113704, 0.008166834172149058]], "6": [[0.003946096837467873, 0.0025343429054283796, 0.003759945582579166, 0.0017964129226582934, 0.005464878854037776, 0.002296549502533069, 0.003063103696172446, 0.00161210784661648, 0.002819091750336091, 0.0018546705801635597, 0.0005122332970852596, 0.004573410248682616], [0.0025343429054283796, 0.01046819976436738, 0.004553672529737363, -0.0013060287570960637, 0.0062139037557823445, 0.0016452709428915338, 0.003997306265677723, 0.0007496083656898418, 0.004590799125243848, 0.00061133401204748, -0.0010097373136476616, 0.005033203235927521], [0.003759945582579166, 0.004553672529737363, 0.005107321408064988, 0.00022128686017611738, 0.006703777099139085, 0.0021533209579648245, 0.0041728139581027925, 0.0008209899617766764, 0.003172883541089376, 0.0019512781158644741, 0.0003748294549095286, 0.004399936890665876], [0.0017964129226582934, -0.0013060287570960637, 0.00022128686017611738, 0.0046834011920592385, 0.001758503221215523, 0.0014648477870219207, -0.00024244208559095196, 0.0018821992541622368, 0.0005317876508620518, 0.0029111022157568126, 0.0007350595609501272, 0.0013871210337226352], [0.005464878854037776, 0.0062139037557823445, 0.006703777099139085, 0.001758503221215523, 0.01301651381854216, 0.0032850648217323244, 0.00608339930014439, 0.0016849986305046234, 0.0043355835245722394, 0.004316157472473389, 0.001156968822962819, 0.0071813623912629935], [0.002296549502533069, 0.0016452709428915338, 0.0021533209579648245, 0.0014648477870219207, 0.0032850648217323244, 0.0023963311963319666, 0.0010721269413439334, 0.0015792560598883439, 0.001605076744497066, 0.0017409209428067296, 0.00020197258694840147, 0.0020915224748163496], [0.003063103696172446, 0.003997306265677723, 0.0041728139581027925, -0.00024244208559095196, 0.00608339930014439, 0.0010721269413439334, 0.0060657475366605595, -4.899065393630898e-05, 0.003128839934156569, 0.0012087555149744356, 0.0007633917335353463, 0.00410732300826532], [0.00161210784661648, 0.0007496083656898418, 0.0008209899617766764, 0.0018821992541622368, 0.0016849986305046234, 0.0015792560598883439, -4.899065393630898e-05, 0.0023659909790534317, 0.0009133468726911962, 0.0009633192654936947, 0.0006237548016025142, 0.0015751051368926333], [0.002819091750336091, 0.004590799125243848, 0.003172883541089376, 0.0005317876508620518, 0.0043355835245722394, 0.001605076744497066, 0.003128839934156569, 0.0009133468726911962, 0.003663816306656892, 0.0009639116790159896, 3.560813959971094e-06, 0.004145439202675069], [0.0018546705801635597, 0.00061133401204748, 0.0019512781158644741, 0.0029111022157568126, 0.004316157472473389, 0.0017409209428067296, 0.0012087555149744356, 0.0009633192654936947, 0.0009639116790159896, 0.00755475824763987, 0.0009963039509153942, 0.0003332143509714503], [0.0005122332970852596, -0.0010097373136476616, 0.0003748294549095286, 0.0007350595609501272, 0.001156968822962819, 0.00020197258694840147, 0.0007633917335353463, 0.0006237548016025142, 3.560813959971094e-06, 0.0009963039509153942, 0.002307625256888451, 0.0006938971602483055], [0.004573410248682616, 0.005033203235927521, 0.004399936890665876, 0.0013871210337226352, 0.0071813623912629935, 0.0020915224748163496, 0.00410732300826532, 0.0015751051368926333, 0.004145439202675069, 0.0003332143509714503, 0.0006938971602483055, 0.008100041475989436]], "7": [[0.0015057393079719761, 0.0011304851844063898, 0.001535118309022815, -0.0001736909092813269, 0.001731877005363084, 0.0005925261996725232, 0.00046176807616880703, 0.00048367164741815454, 0.0007424003671722334, 0.0005331566531165101, 0.0004112328639181152, 0.0013744401831794714], [0.0011304851844063898, 0.007741901453170248, 0.002723518119966477, -0.00011147010582531764, 0.0006995773132178755, 0.0015345184514929076, 0.0009906838002816908, 0.000623049928225891, 0.0005362839067579942, 0.0009020763672778072, 0.0004705897150723467, 0.003017530554215983], [0.001535118309022815, 0.002723518119966477, 0.004112842969348229, -0.0015622585313475805, 0.0018309366091294609, 0.00035246268150334475, 0.0007089557003533294, -0.00024873964773398753, 0.0014473883700389773, -0.0009714130477456973, 0.00039802052371835076, 0.0014336630975282335], [-0.0001736909092813269, -0.00011147010582531764, -0.0015622585313475805, 0.0031048290253665113, -0.00023067210311393142, 0.0005660141216780058, 0.0005099686270834796, 0.0009882487000368054, -0.001110827875969555, 0.0021303893933017266, 0.00012251540759942507, 0.0006975543626781817], [0.001731877005363084, 0.0006995773132178755, 0.0018309366091294609, -0.00023067210311393142, 0.007323770581495582, -7.965888551263172e-05, 0.0011200060077415236, -0.0002796383706722997, 0.0017028677660551068, 0.0006014684638138327, -4.247572373678582e-05, 0.00161256687669501], [0.0005925261996725232, 0.0015345184514929076, 0.00035246268150334475, 0.0005660141216780058, -7.965888551263172e-05, 0.0013687315257751263, 0.00044770322538650854, 0.0011100284005420825, 0.00014605308643516452, 0.0008305992021996821, 0.0006206505017550991, 0.0007894061527704415], [0.00046176807616880703, 0.0009906838002816908, 0.0007089557003533294, 0.0005099686270834796, 0.0011200060077415236, 0.00044770322538650854, 0.00173604056549371, 0.0007431840415010712, 0.00033247351990071337, 0.0011028367755443276, 0.0004067572484927841, 0.001138344563150859], [0.00048367164741815454, 0.000623049928225891, -0.00024873964773398753, 0.0009882487000368054, -0.0002796383706722997, 0.0011100284005420825, 0.0007431840415010712, 0.0016616477818858254, 0.0001104866037858408, 0.0016717825634468865, 0.0007838675656748494, 0.0009823171154811196], [0.0007424003671722334, 0.0005362839067579942, 0.0014473883700389773, -0.001110827875969555, 0.0017028677660551068, 0.00014605308643516452, 0.00033247351990071337, 0.0001104866037858408, 0.0026884542794063946, -0.0007854521995018753, 5.779755856544809e-06, 0.0008294026491677384], [0.0005331566531165101, 0.0009020763672778072, -0.0009714130477456973, 0.0021303893933017266, 0.0006014684638138327, 0.0008305992021996821, 0.0011028367755443276, 0.0016717825634468865, -0.0007854521995018753, 0.004697027594842229, 0.0008829318477465151, 0.0014754079088899735], [0.0004112328639181152, 0.0004705897150723467, 0.00039802052371835076, 0.00012251540759942507, -4.247572373678582e-05, 0.0006206505017550991, 0.0004067572484927841, 0.0007838675656748494, 5.779755856544809e-06, 0.0008829318477465151, 0.0012168927302290463, 5.534654359995814e-05], [0.0013744401831794714, 0.003017530554215983, 0.0014336630975282335, 0.0006975543626781817, 0.00161256687669501, 0.0007894061527704415, 0.001138344563150859, 0.0009823171154811196, 0.0008294026491677384, 0.0014754079088899735, 5.534654359995814e-05, 0.00316297151592918]], "8": [[0.0017053653685513005, 0.0004771315368237195, 0.0011684625678901348, 0.0005541380770276962, 0.0004284812278886774, 0.00217175764109533, 0.0010872203152352984, 0.0006044387279388989, 0.0015831550914024645, 0.0018245494775545703, 0.00039041500599981823, 0.0011221751462096505], [0.0004771315368237195, 0.01753081425215795, 0.00017557962155781054, 0.0018775293440246817, 0.002965585872916646, -0.0016586465181967222, -0.0004461413149410468, 0.0006006263308597934, -0.002684857269208132, 0.0031811519617159388, 0.000801151985536279, 0.0033379548812644253], [0.0011684625678901348, 0.00017557962155781054, 0.0012332586109739406, 2.01421893680648e-05, 9.701085687175052e-05, 0.0013599260644604676, 0.0009410495283260728, 0.00024087146676728726, 0.0012438520902069837, 0.0011161239042132647, 0.0001623777726579242, 0.00046389775477315186], [0.0005541380770276962, 0.0018775293440246817, 2.01421893680648e-05, 0.0030529941424319294, -0.0002957239645093098, 0.0016797900113944724, 0.0006538805451724416, 0.0010641190322312037, -0.00047660689103024695, 0.0011202308883041243, 0.000546165977658327, 0.0022655747281426697], [0.0004284812278886774, 0.002965585872916646, 9.701085687175052e-05, -0.0002957239645093098, 0.010365381256846265, 0.0001201698638664941, 0.0007453718470468949, -0.0007581790637288767, 0.002455223433267243, 0.001716604833821007, -0.0014712628273635857, 0.0033753729196316826], [0.00217175764109533, -0.0016586465181967222, 0.0013599260644604676, 0.0016797900113944724, 0.0001201698638664941, 0.004800903713618137, 0.001658255473497262, 0.001403027915677831, 0.002246878675984303, 0.0024158679020503814, 0.0004592340827674934, 0.0013496960093697123], [0.0010872203152352984, -0.0004461413149410468, 0.0009410495283260728, 0.0006538805451724416, 0.0007453718470468949, 0.001658255473497262, 0.0013942947597294485, 0.00040574797820703033, 0.0009468894298525135, 0.0006995168431448229, 4.6436324695746703e-05, 0.0008853375676258559], [0.0006044387279388989, 0.0006006263308597934, 0.00024087146676728726, 0.0010641190322312037, -0.0007581790637288767, 0.001403027915677831, 0.00040574797820703033, 0.0013710523108929216, -0.0002909144990744603, 0.0002936340813146978, 0.00034658570569335646, 0.0010255430280338782], [0.0015831550914024645, -0.002684857269208132, 0.0012438520902069837, -0.00047660689103024695, 0.002455223433267243, 0.002246878675984303, 0.0009468894298525135, -0.0002909144990744603, 0.010559647650138478, 0.005670726269629771, -0.0007418256504416146, 0.0008389230338997666], [0.0018245494775545703, 0.0031811519617159388, 0.0011161239042132647, 0.0011202308883041243, 0.001716604833821007, 0.0024158679020503814, 0.0006995168431448229, 0.0002936340813146978, 0.005670726269629771, 0.00865388043320102, 0.0007273462770163285, 0.002331101542590105], [0.00039041500599981823, 0.000801151985536279, 0.0001623777726579242, 0.000546165977658327, -0.0014712628273635857, 0.0004592340827674934, 4.6436324695746703e-05, 0.00034658570569335646, -0.0007418256504416146, 0.0007273462770163285, 0.0011034168075238122, 1.1932299395852611e-05], [0.0011221751462096505, 0.0033379548812644253, 0.00046389775477315186, 0.0022655747281426697, 0.0033753729196316826, 0.0013496960093697123, 0.0008853375676258559, 0.0010255430280338782, 0.0008389230338997666, 0.002331101542590105, 1.1932299395852611e-05, 0.006983882325402579]], "9": [[0.0019388822395437026, -0.002462382978937049, 0.0014020045145100297, -0.00015855647333289013, 0.002963342017062269, 0.00028150729279193687, 0.0008506817394310915, 0.0009773705428483988, 0.0004133900393179879, 0.0008335991492733561, 0.0008721842272621978, 0.0005789793011737129], [-0.002462382978937049, 0.020841262306573554, -0.0005687659680033268, 0.0026727434386862206, 1.6498496053895623e-05, 0.0009666113712201023, -0.0008182609978927629, -0.0028451437231618495, 0.002970942826775041, -0.00502079740828821, -0.0006030544774848338, 0.0015230924524788113], [0.0014020045145100297, -0.0005687659680033268, 0.001605804132270084, 0.00023211163269673193, 0.0034133025764344392, 0.00037032120597900567, 0.0011864462488103721, 0.0006408486070834865, 0.0008055603696250574, 5.2577671287188605e-05, 0.0004153601239348184, 0.000946129758543803], [-0.00015855647333289013, 0.0026727434386862206, 0.00023211163269673193, 0.0027477944234069115, -0.0002690768605074786, 0.00022619735275844063, 0.00042443242322735575, -0.00014196396086819487, 6.265694184863645e-05, -0.00019082581894232844, 5.599780873223287e-05, 0.0007561947506366985], [0.002963342017062269, 1.6498496053895623e-05, 0.0034133025764344392, -0.0002690768605074786, 0.011292784029879297, 0.000737747452463894, 0.0032134251778628223, 0.001680292200170968, 0.0020229261697232302, 0.0016068248131016656, -0.00018348960281053988, 0.0025837250060499707], [0.00028150729279193687, 0.0009666113712201023, 0.00037032120597900567, 0.00022619735275844063, 0.000737747452463894, 0.001425567215453376, 0.00036045662224461943, 4.581975204758238e-05, 0.000805741188756056, 0.0005858245981285221, 0.0010419825532716068, 0.0009988702704907173], [0.0008506817394310915, -0.0008182609978927629, 0.0011864462488103721, 0.00042443242322735575, 0.0032134251778628223, 0.00036045662224461943, 0.00176708706257211, 0.0007496257863978965, 0.0007708100454101248, 0.0008843385597564367, -2.2988273549096566e-05, 0.0011596675427446876], [0.0009773705428483988, -0.0028451437231618495, 0.0006408486070834865, -0.00014196396086819487, 0.001680292200170968, 4.581975204758238e-05, 0.0007496257863978965, 0.0024512048063495486, 0.0005570939294855267, 0.0008463144560467511, 0.0016745701877958178, 0.0004517366896186237], [0.0004133900393179879, 0.002970942826775041, 0.0008055603696250574, 6.265694184863645e-05, 0.0020229261697232302, 0.000805741188756056, 0.0007708100454101248, 0.0005570939294855267, 0.002265678173685976, 0.0002497910259900716, 0.001579215443331283, 0.0013704161588629464], [0.0008335991492733561, -0.00502079740828821, 5.2577671287188605e-05, -0.00019082581894232844, 0.0016068248131016656, 0.0005858245981285221, 0.0008843385597